-1.1033333333333335 7.945333333333332
-1.1949999999999998 5.933
-2.761 2.6574999999999998
-1.07875 8.4925
-1.077 8.902
-3.0408333333333335 3.0108333333333333
-1.108 7.894399999999999
-1.174 1.9883333333333333
-5.715 2.281
-2.481333333333333 5.438
-4.855 1.5495
-2.1524 3.7264
-2.8644 1.7022
-1.362 2.40675
-1.146 4.098
-1.41 5.26025
-7.7712 2.2754
-3.184 5.396
-8.472916666666666 6.619166666666667
-6.4144000000000005 2.2758000000000003
-3.208 6.368
-2.1603333333333334 3.2396666666666665
-1.46325 6.6895
-6.7295 5.5215
-2.5085454545454544 2.9405454545454544
-8.71625 3.191
-3.035 6.4865
-6.47675 5.54475
-3.3335 1.8605
-1.5443333333333333 6.695333333333333
-1.7065000000000001 6.707
-8.649 2.2962000000000002
-2.5340000000000003 6.725333333333333
-1.8581999999999999 3.1715999999999998
-1.1866666666666665 5.6866666666666665
-2.16175 3.15275
-1.154 2.096
-2.1546666666666665 3.5873333333333335
-1.1966666666666668 6.926666666666666
-5.856 1.5193333333333334
-5.251714285714286 2.1725714285714286
-6.4144000000000005 2.2758000000000003
-1.693 1.7595
-5.109 2.163666666666667
-2.4635 2.3832500000000003
-2.15325 3.67425
-3.1982222222222223 5.972
-2.166 2.742857142857143
-8.592571428571429 1.3854285714285715
-1.94975 6.7245
-6.605 1.4844
-6.8752 2.2654
-7.6080000000000005 2.26775
-6.046 1.5184444444444445
-9.577 3.8906666666666667
-7.790000000000001 5.379
-9.568999999999999 2.6414
-8.78 8.882333333333333
-7.9750000000000005 5.347
-8.78 8.84975
-8.367666666666667 4.935333333333333
-7.697500000000001 5.395
-9.594285714285714 3.362142857142857
-8.78 8.84975
-8.41525 3.9755000000000003
-9.579 2.8336
-8.66075 6.3775
-9.5825 3.7225
-8.47925 7.0475
-8.6196 7.478
-8.566833333333333 6.498333333333333
-8.78 8.84975
-9.174 2.2733333333333334
-8.78 8.752
-8.717749999999999 2.534
-1.6092 6.7
-1.6092 6.7
-1.350857142857143 1.7691428571428571
-1.115 7.818
-3.208 6.368
-1.0778571428571428 8.70142857142857
-1.7614285714285716 1.7575714285714286
-2.1323749999999997 5.2684999999999995
-2.1327142857142856 5.241285714285714
-4.60025 2.28625
-1.0766666666666667 8.979999999999999
-4.855 1.5495
-2.1603333333333334 3.2396666666666665
-8.407769230769231 4.624615384615385
-1.2154545454545453 6.537636363636364
-3.0375 1.6912500000000001
-1.166 2.0314
-3.208 6.368
-1.2008333333333332 1.9299999999999997
-1.9368888888888889 2.4466666666666668
-2.151125 3.804625
-1.2137499999999999 6.4872499999999995
-3.61325 2.38925
-1.898 2.38225
-1.13625 2.99225
-1.2075 6.3025
-1.2075 6.3025
-7.5125 5.427
-6.174444444444444 2.1114444444444445
-3.0585 2.40975
-7.306 1.5512857142857142
-7.603750000000001 3.167
-1.94975 6.7245
-1.1442857142857141 4.019714285714286
-6.5085 6.68975
-9.536000000000001 4.7585
-6.5085 6.68975
-9.518 5.0774
-1.1433333333333333 3.976222222222222
-1.1366666666666667 3.0846666666666667
-2.166857142857143 2.280857142857143
-4.60025 2.28625
-1.07625 9.077499999999999
-5.0705 1.53575
-2.285 2.3753
-5.991833333333333 1.6451666666666667
-2.13475 5.077999999999999
-4.12775 2.3217499999999998
-2.7640000000000002 2.0845000000000002
-1.4899999999999998 5.282333333333333
-4.7540000000000004 2.285
-1.18 5.247999999999999
-4.631 2.286
-5.856 1.5193333333333334
-7.048 2.2615
-8.6584 1.3888
-3.8705 2.3555
-2.961333333333333 2.1973333333333334
-4.7540000000000004 2.285
-2.9593333333333334 2.4053333333333335
-2.1711428571428573 1.8351428571428572
-4.60025 2.28625
-1.15 7.436
-1.079 8.434
-1.1614285714285713 4.8025714285714285
-3.1936 5.7848
-6.027666666666667 2.281
-4.60025 2.28625
-5.91725 1.70875
-2.3784 5.3152
-1.13875 3.54675
-2.1405555555555553 4.612333333333333
-1.1549999999999998 4.509
-2.1592 2.996
-2.1376 4.8494
-3.692 1.641
-9.5825 3.7225
-2.44875 6.7295
-2.15325 3.67425
-4.508 2.287
-5.324166666666667 2.281
-2.15325 3.67425
-2.1524 3.7264
-7.7501999999999995 1.7828
-1.15 7.436
-4.923125000000001 2.283625
-2.5626666666666664 2.3876666666666666
-4.60025 2.28625
-9.559 2.4492000000000003
-1.4786666666666668 2.6
-1.51125 4.437125
-2.827111111111111 2.6314444444444445
-2.1395 4.697
-1.184 1.9344999999999999
-3.0585 2.40975
-4.670285714285715 1.5612857142857142
-1.362 2.40675
-2.166 2.718
-6.952 2.2636666666666665
-3.6005000000000003 1.649
-2.5272 1.9491
-4.998666666666667 1.5403333333333333
-3.7969999999999997 2.365142857142857
-2.9205 5.41175
-3.0375 1.6912500000000001
-5.380000000000001 2.281
-7.069 1.4507999999999999
-2.404 2.7982
-3.484625 2.406125
-2.1331666666666664 5.205
-4.998666666666667 1.5403333333333333
-2.5566666666666666 1.7216666666666667
-8.415571428571429 3.9377142857142857
-9.004000000000001 1.4064999999999999
-4.672 2.2856666666666667
-6.952 2.2636666666666665
-3.0375 1.6912500000000001
-2.5626666666666664 2.7356666666666665
-2.2972941176470587 2.685235294117647
-1.9095 3.125
-2.1574999999999998 3.4135
-1.637 6.702
-2.16175 3.15275
-6.803857142857143 1.47
-3.3335 1.8605
-5.054666666666667 2.2825555555555557
-8.422666666666666 2.89
-6.677714285714286 2.269857142857143
-6.9659 1.6881
-8.649 2.2962000000000002
-5.485555555555555 1.6906666666666668
-8.597727272727273 7.410909090909091
-4.2085 2.1854999999999998
-5.4805 2.281
-5.768083333333333 1.8359166666666666
-4.4514 2.916
-7.048 2.2615
-5.558666666666667 2.281
-2.4258823529411764 2.558705882352941
-1.81 5.370666666666667
-7.048 2.2615
-3.8705 2.3555
-5.276 1.71175
-4.4045000000000005 1.9324999999999999
-7.790000000000001 5.379
-8.8888 1.4006
-2.31475 2.376625
-5.571 1.5206666666666666
-8.451 3.241
-9.526 4.935666666666667
-4.278666666666667 1.8756666666666668
-8.70525 2.29375
-2.3784 5.3152
-8.423333333333334 2.598
-4.8155 2.2845
-2.1635714285714287 3.041
-2.5229999999999997 2.7513
-3.208 6.368
-2.163875 3.022375
-5.268857142857143 1.8472857142857144
-2.1592 3.3091999999999997
-5.49975 1.521
-2.1626 2.683
-5.842666666666667 1.7723333333333333
-4.711333333333333 1.5586666666666666
-4.12775 2.3217499999999998
-8.801666666666668 1.6703333333333332
-9.577 3.8906666666666667
-6.376 2.276666666666667
-8.213571428571427 6.740857142857143
-8.78 8.26325
-9.559333333333333 1.9833333333333334
-8.436285714285713 6.9157142857142855
-8.423 2.7439999999999998
-4.793428571428572 1.5534285714285714
-9.292 1.42125
-9.943142857142858 5.913428571428572
-6.9822500000000005 5.49825
-8.3535 5.6472500000000005
-9.127125 2.275375
-9.292 1.42125
-8.584714285714286 2.299
-9.564499999999999 1.8465
-8.14625 1.3912499999999999
-8.016 2.286875
-9.5676 1.7644
-9.564499999999999 1.8465
-8.182222222222222 2.2946666666666666
-9.425333333333333 5.587777777777777
-9.099 2.2766
-8.240166666666667 3.1786666666666665
-8.14625 1.3912499999999999
-8.8888 1.4006
-9.564499999999999 1.8465
-7.901000000000001 5.3598
-2.875 6.708666666666667
-9.588000000000001 3.5543333333333336
-9.574 2.7375
-8.396 4.50075
-9.5825 3.7225
-8.415571428571429 3.9377142857142857
-9.574 2.7375
-9.577571428571428 2.806142857142857
-8.474 5.283777777777778
-8.635250000000001 5.284750000000001
-9.596285714285715 2.9634285714285715
-7.0761111111111115 2.966222222222222
-5.856 1.5193333333333334
-9.580666666666668 3.7785555555555557
-9.096125 4.89625
-9.119 5.2876666666666665
-8.390333333333334 4.587666666666667
-8.39788888888889 4.471777777777778
-7.9750000000000005 5.347
-8.54 6.532857142857143
-8.78 8.807857142857143
-8.549625 4.37125
-7.2897083333333335 3.730833333333333
-7.349666666666667 6.745333333333334
-9.574250000000001 3.9747500000000002
-7.0665000000000004 5.4905
-9.574250000000001 3.9747500000000002
-8.152 2.29325
-10.143500000000001 6.199166666666667
-8.213571428571427 6.740857142857143
-8.512666666666666 7.15
-9.559333333333333 1.9833333333333334
-8.942499999999999 6.015000000000001
-8.429124999999999 6.893750000000001
-9.521 5.02425
-9.548857142857143 4.530714285714286
-8.512666666666666 7.15
-6.656555555555555 1.4806666666666666
-9.574250000000001 3.9747500000000002
-8.47925 7.0475
-8.094700000000001 3.176
-6.25925 6.39525
-10.052428571428573 6.069285714285715
-6.23575 5.84375
-6.47675 5.54475
-8.539399999999999 7.232
-8.356333333333334 5.109166666666667
-8.78 8.361
-8.364428571428572 6.115571428571429
-8.367666666666667 4.935333333333333
-9.516 5.112833333333334
-8.78 8.305142857142858
-9.594285714285714 3.362142857142857
-8.372200000000001 4.8658
-8.152 2.29325
-8.78 9.045250000000001
-7.327583333333334 2.5233333333333334
-4.12775 2.3217499999999998
-8.369285714285715 6.323714285714286
-5.715 2.281
-7.36575 6.74525
-7.8645000000000005 1.4055
-9.551 4.49275
-9.8926 6.4528
-6.914333333333333 1.462
-9.546000000000001 4.581333333333333
-9.546000000000001 4.581333333333333
-8.679749999999999 7.6625
-8.47925 7.0475
-9.436 1.428625
-1.89675 3.90725
-5.6212 2.281
-8.372200000000001 4.8658
-2.90975 2.403125
-9.569666666666667 1.7096666666666667
-9.659 5.5082
-8.679749999999999 7.6625
-8.679749999999999 7.6625
-10.099 6.413636363636364
-8.152 2.29325
-9.569666666666667 1.7096666666666667
-8.048142857142857 6.741714285714286
-6.23575 5.84375
-9.55675 2.05175
-2.1678 6.2288
-8.401666666666667 4.413833333333334
-2.1354285714285712 5.023571428571429
-1.1366666666666667 3.0846666666666667
-9.119200000000001 1.4123999999999999
-9.536000000000001 4.7585
-7.358333333333333 5.453666666666666
-2.1804 6.4854
-2.1678 6.2288
-6.2475000000000005 6.1195
-1.8686666666666667 6.718666666666667
-8.094700000000001 3.176
-4.12775 2.3217499999999998
-8.801666666666668 1.6703333333333332
-8.425142857142857 2.0405714285714285
-8.014750000000001 2.8343749999999996
-8.70525 2.29375
-9.565666666666667 2.5773333333333333
-6.027666666666667 2.281
-7.605 5.411
-6.914333333333333 1.462
-8.4232 2.6564
-9.563285714285714 2.5315714285714286
-8.814333333333334 3.194
-8.78 8.84975
-9.369375 5.15875
-8.812000000000001 1.3966666666666667
-7.88 2.2805
-8.4166 3.8168
-9.130333333333333 5.773333333333333
-7.7712 2.2754
-9.0885 6.605375
-8.423333333333334 2.598
-9.943142857142858 5.913428571428572
-9.565666666666667 2.5773333333333333
-3.8073684210526317 3.071105263157895
-8.367666666666667 6.254333333333333
-8.78 8.5565
-1.146 4.098
-8.354714285714286 5.699285714285715
-9.589 3.0258
-9.582333333333333 2.897666666666667
-3.0695555555555556 1.6892222222222222
-8.426666666666668 1.6866666666666665
-8.47925 7.0475
-9.574 2.7375
-9.5615 6.515625
-9.318166666666666 5.531666666666666
-5.514 2.281
-7.3347500000000005 2.48175
-6.5680000000000005 2.2723333333333335
-2.166 2.7876
-7.136833333333334 2.1321666666666665
-10.099 6.413636363636364
-8.111714285714287 2.9171428571428573
-9.325 6.5605
-5.582666666666666 2.8529999999999998
-9.565666666666667 2.5773333333333333
-4.855 1.5495
-7.331 2.1377142857142855
-9.531714285714287 4.834428571428572
-5.067875 1.554875
-5.162857142857143 1.5298571428571428
-8.6998 7.724
-9.196 1.4163333333333332
-2.9593333333333334 2.4053333333333335
-5.03075 2.28275
-6.3067142857142855 1.506
-2.1354285714285712 5.023571428571429
-8.757142857142858 1.393857142857143
-7.135285714285715 1.446
-6.513142857142857 2.2735714285714286
-8.422666666666666 2.89
-2.61225 2.716125
-8.78 8.84975
-2.88 2.4018
-4.642428571428572 3.087142857142857
-7.107666666666667 1.448
-2.1418749999999998 4.5065
-3.8705 2.3555
-7.8935 2.748
-8.287125000000001 1.384125
-7.171428571428572 2.2587142857142855
-3.092888888888889 2.272555555555556
-1.7065000000000001 6.707
-3.7969999999999997 2.365142857142857
-5.258 2.567
-1.4535 1.7662499999999999
-1.1366666666666667 3.0846666666666667
-2.316875 6.57375
-3.741875 2.372375
-2.1331666666666664 5.205
-2.7045000000000003 6.7170000000000005
-1.0766666666666667 8.979999999999999
-1.077 8.902
-1.2075 6.3025
-2.9413333333333336 1.6973333333333334
-4.672 2.2856666666666667
-1.07625 9.077499999999999
-2.364333333333333 2.3788333333333336
-2.1395 4.697
-1.115 7.818
-1.4786666666666668 2.6
-2.035142857142857 1.7498571428571428
-1.1614285714285713 4.8025714285714285
-4.8155 2.2845
-2.4605 1.72775
-2.4605 1.72775
-1.5333333333333332 1.764
-2.761 2.6574999999999998
-1.1145 2.567
-2.336 2.3775714285714287
-4.1792 2.315
-1.4146 6.686
-1.5333333333333332 1.764
-2.657 5.4275
-1.1145 2.567
-3.973777777777778 2.784111111111111
-1.1340000000000001 2.203666666666667
-1.3026 7.908399999999999
-1.1366666666666667 3.0846666666666667
-1.1375 3.2695
-2.140857142857143 4.5881428571428575
-2.3976 6.732
-1.69 4.732333333333333
-1.0757142857142856 9.202857142857143
-7.801428571428572 2.652285714285714
-2.1558 3.5178000000000003
-2.158 6.029222222222222
-6.785666666666667 5.516333333333333
-1.3071428571428572 5.231857142857143
-6.746 6.708500000000001
-6.823857142857143 1.939142857142857
-4.5285 2.286833333333333
-6.570875 1.50775
-7.977200000000001 1.3998
-2.7045000000000003 6.7170000000000005
-6.2475000000000005 6.1195
-7.607 6.744000000000001
-8.852 6.65025
-5.1025 2.282166666666667
-2.7510000000000003 6.714727272727273
-1.6505 2.8034999999999997
-1.07625 9.077499999999999
-9.1358 6.5964
-2.9593333333333334 2.4053333333333335
-2.923714285714286 6.706285714285714
-2.27825 6.737833333333334
-4.9590000000000005 2.283333333333333
-1.1 7.981714285714285
-6.105833333333334 2.281
-1.0766666666666667 8.979999999999999
-1.165 4.9656666666666665
-2.071375 6.73325
-1.0766666666666667 8.979999999999999
-1.0766666666666667 8.979999999999999
-1.1949999999999998 5.933
-2.1609 3.2049
-1.1475 4.1665
-1.2128571428571429 6.460857142857143
-1.1485714285714286 4.215428571428571
-1.07875 8.4925
-1.1360000000000001 7.588799999999999
-1.192 6.9776
-1.7065000000000001 6.707
-1.3973333333333333 5.538
-1.1111111111111112 7.860444444444443
-9.586500000000001 2.97775
-1.0955555555555556 8.030222222222221
-1.115 7.818
-2.1323749999999997 5.2684999999999995
-2.581714285714286 5.4319999999999995
-1.8861818181818182 3.146181818181818
-9.8885 5.8355
-1.7065000000000001 6.707
-1.133 8.290799999999999
-1.1624999999999999 4.8515
-1.15 4.280666666666667
-4.4265 2.6805
-2.166 2.7615
-2.657 5.4275
-1.2075 6.3025
-2.16175 3.15275
-1.07875 8.4925
-5.808800000000001 2.281
-4.9590000000000005 2.283333333333333
-3.2032000000000003 6.1736
-2.1603333333333334 3.2396666666666665
-2.9593333333333334 2.4053333333333335
-1.135625 2.853625
-2.4635 2.3832500000000003
-4.711333333333333 1.5586666666666666
-1.077 8.902
-3.192 5.72
-2.15325 3.67425
-3.192 5.72
-6.721 1.476
-3.341 2.048
-2.16175 3.15275
-2.1574999999999998 3.4135
-1.693 1.7595
-2.1546666666666665 3.5873333333333335
-1.157142857142857 4.606857142857143
-1.6505 2.8034999999999997
-2.169 2.058
-5.2700000000000005 2.8529999999999998
-7.8645000000000005 1.4055
-9.320666666666668 2.059111111111111
-1.077 8.902
-1.1866666666666665 5.6866666666666665
-7.7518 1.4112
-6.47675 5.54475
-3.7832 2.0846
-3.0033333333333334 3.0106666666666664
-9.21575 5.28825
-9.8885 5.8355
-6.9835 6.727250000000001
-9.1176 1.784
-9.004000000000001 1.4064999999999999
-5.715 2.281
-5.4805 2.281
-2.1675 2.214
-2.48 2.9364999999999997
-1.8223333333333334 2.8329999999999997
-3.699 2.378
-4.1193333333333335 3.072
-1.18 5.489599999999999
-2.3407999999999998 5.4464
-3.4088000000000003 2.9406
-9.119200000000001 1.4123999999999999
-8.3518 5.574400000000001
-3.699 2.378
-3.875 1.625
-9.1358 6.5964
-2.749 1.7095
-9.8926 6.4528
-5.693714285714286 2.5072857142857146
-7.457000000000001 5.436599999999999
-6.605 1.4844
-7.582750000000001 1.41975
-1.7065000000000001 6.707
-8.512666666666666 7.15
-6.513142857142857 2.2735714285714286
-5.571 1.5206666666666666
-6.527666666666667 1.49
-7.011 1.455
-8.4175 3.7110000000000003
-9.5825 3.7225
-7.024 2.290375
-6.7295 5.5215
-8.78 8.1655
-6.7295 5.5215
-8.512666666666666 7.15
-8.679749999999999 7.6625
-6.76 2.268
-7.676666666666667 1.415
-7.717285714285714 6.743428571428572
-8.152 2.29325
-7.430625 1.48725
-8.416 3.8873333333333333
-8.716000000000001 1.39175
-6.8752 2.2654
-8.894 2.6708
-8.6584 1.3888
-9.5792 3.8234000000000004
-3.5275 2.4005
-9.586500000000001 2.97775
-9.530000000000001 4.864800000000001
-9.8885 5.8355
-2.974666666666667 6.418
-3.069857142857143 6.699142857142857
-9.561499999999999 2.49725
-2.7045000000000003 6.7170000000000005
-8.78 8.84975
-6.472 2.2745
-7.5105 6.7445
-8.213571428571429 6.740857142857143
-9.274625 4.383
-9.537 4.599333333333333
-8.367666666666667 4.935333333333333
-8.362 5.0222500000000005
-8.367666666666667 4.935333333333333
-9.559333333333333 1.9833333333333334
-8.78 8.5565
-9.8926 6.4528
-9.1358 6.5964
-8.7574 6.668200000000001
-8.78 8.84975
-8.852 6.65025
-6.746 6.708500000000001
-7.7283333333333335 5.389666666666667
-8.512666666666666 7.15
-1.1383333333333332 3.454333333333333
-3.069857142857143 6.699142857142857
-8.8094 5.2858
-7.8 6.743
-1.115 7.818
-6.426200000000001 5.5493999999999994
-6.25925 6.39525
-10.07975 6.10825
-10.016 6.017333333333333
-9.570428571428572 2.668857142857143
-9.640333333333334 6.500666666666667
-8.8298 6.16
-7.882714285714286 6.742571428571429
-7.1056 2.2601999999999998
-9.8926 6.4528
-8.754666666666667 6.256666666666667
-8.5795 7.355
-8.048142857142857 6.741714285714286
-7.8 6.743
-8.566833333333333 6.498333333333333
-8.78 8.4392
-8.78 8.361
-8.512666666666666 7.15
-9.577 3.8906666666666667
-9.588000000000001 3.5543333333333336
-8.512666666666666 7.15
-5.282500000000001 1.5474999999999999
-7.0328 5.4936
-9.69725 5.56275
-8.493571428571428 7.426571428571429
-7.048 2.2615
-8.78 8.5565
-8.78 8.4392
-8.123000000000001 5.321400000000001
-9.510777777777777 4.952999999999999
-6.561 5.537
-9.345 5.497142857142857
-9.69725 5.56275
-9.565666666666667 2.5773333333333333
-9.955666666666668 6.440833333333334
-8.78 8.84975
-7.031 6.731000000000001
-8.4148 4.0284
-9.292 1.42125
-9.540285714285714 4.682571428571428
-10.000714285714286 6.432285714285714
-7.5125 5.427
-10.118 6.1628
-6.2475000000000005 6.1195
-8.78 8.9475
-8.635250000000001 5.284750000000001
-7.8 6.743
-8.78 8.1655
-8.362 5.0222500000000005
-9.512142857142857 4.856714285714286
-8.78 8.9084
-5.582666666666666 2.8529999999999998
-4.149500000000001 1.601
-6.255333333333334 6.303333333333334
-6.23575 5.84375
-8.5795 7.355
-6.898000000000001 5.505999999999999
-9.1358 6.5964
-9.565666666666667 2.5773333333333333
-7.968285714285714 2.2555714285714283
-8.14625 1.3912499999999999
-9.542 4.652200000000001
-8.47925 7.0475
-7.333500000000001 2.7085
-6.744 2.2872500000000002
-8.814333333333334 3.194
-6.898000000000001 5.505999999999999
-5.49975 1.521
-8.413 4.24
-9.196 1.4163333333333332
-7.605 5.411
-8.379000000000001 4.7615
-4.972 2.0463333333333336
-8.4175 3.7110000000000003
-4.638625 1.569625
-6.538 5.227142857142857
-1.89675 3.90725
-1.39225 3.85175
-3.6005000000000003 1.649
-5.544333333333333 2.026666666666667
-1.1266666666666667 7.690666666666666
-2.642 2.3912
-6.23575 5.84375
-6.561 5.537
-6.23575 5.84375
-8.152 2.29325
-4.12775 2.3217499999999998
-8.732000000000001 5.285333333333334
-7.011 1.455
-2.1603333333333334 3.2396666666666665
-8.4175 3.7110000000000003
-4.925599999999999 1.8283999999999998
-3.9450000000000003 3.0715
-2.3407999999999998 5.4464
-1.21 6.376399999999999
-5.9495000000000005 2.281
-8.372200000000001 4.8658
-5.7989999999999995 1.5196
-5.7989999999999995 1.5196
-5.03075 2.28275
-1.1475 4.1665
-1.1033333333333335 7.945333333333332
-1.1145 2.567
-1.2814285714285714 4.057571428571428
-3.875 1.625
-3.5090000000000003 1.657
-2.9729090909090905 2.340181818181818
-4.9590000000000005 2.283333333333333
-1.1783333333333332 5.440333333333333
-1.3736666666666666 1.7685
-2.4635 2.77475
-2.1354285714285712 5.023571428571429
-1.1624999999999999 4.8515
-3.172888888888889 1.6708888888888889
-2.749 1.7095
-3.912 2.748
-3.7676 2.3689999999999998
-1.1213333333333333 2.6163333333333334
-3.5618 2.396
-1.1549999999999998 4.509
-2.5626666666666664 2.3876666666666666
-2.92525 5.03075
-1.4535 1.7662499999999999
-4.149500000000001 1.601
-1.16 4.737333333333333
-2.5626666666666664 2.3876666666666666
-1.5333333333333332 1.764
-3.7676 2.3689999999999998
-1.898 2.38225
-2.659666666666667 2.9516666666666667
-3.6005000000000003 1.649
-1.1797142857142857 1.9575714285714285
-3.61325 2.38925
-5.0705 1.53575
-4.306 1.5975000000000001
-1.1213333333333333 2.6163333333333334
-1.9984000000000002 6.728
-1.16 4.737333333333333
-1.3875 4.232749999999999
-1.1549999999999998 4.509
-1.1366666666666667 3.0846666666666667
-2.1376 4.849399999999999
-6.426200000000001 5.5493999999999994
-1.13875 3.54675
-1.16 4.737333333333333
-2.185125 6.581625
-1.1549999999999998 4.509
-2.1574999999999998 3.4135
-2.1405555555555553 4.612333333333333
-2.44875 6.7295
-2.158 6.029222222222222
-1.89 5.3927499999999995
-2.1615 6.1005
-1.2033333333333334 6.179333333333333
-1.2033333333333334 6.179333333333333
-1.18 7.1085714285714285
-1.2075 6.3025
-1.5443333333333333 6.695333333333333
-1.9325 1.75275
-3.61325 2.38925
-1.137142857142857 3.190285714285714
-2.153857142857143 3.637
-1.1145 2.567
-1.4513333333333334 2.4026666666666667
-2.14425 4.316
-1.350857142857143 1.7691428571428571
-2.14425 4.316
-1.0775000000000001 8.785
-1.1377777777777778 3.331111111111111
-7.4706 5.228
-2.03775 3.0084999999999997
-3.108 3.0255
-6.721 1.476
-2.16175 3.15275
-8.14625 1.3912499999999999
-8.423 2.7439999999999998
-2.5340000000000003 6.725333333333333
-3.6146000000000003 2.9135999999999997
-5.276 1.71175
-4.042 3.093
-8.3654 6.1572000000000005
-6.2374285714285715 5.883142857142857
-6.17325 2.09025
-8.425333333333333 1.9963333333333333
-5.279333333333333 1.6484999999999999
-5.2676 2.7958
-2.5085454545454544 2.9405454545454544
-8.78 8.361
-9.955666666666668 6.440833333333334
-6.561 5.537
-5.715 2.281
-8.213571428571427 6.740857142857143
-7.3347500000000005 2.48175
-9.57225 1.6412499999999999
-8.429124999999999 6.89375
-9.584857142857143 3.6504285714285714
-7.694666666666667 3.1686666666666667
-8.921714285714286 1.4022857142857144
-8.3518 5.574400000000001
-7.011 1.455
-4.662 3.1159999999999997
-7.3335 2.196357142857143
-7.3335 2.196357142857143
-8.679749999999999 7.6625
-6.234444444444445 5.813111111111111
-6.38975 6.680375000000001
-2.16175 3.15275
-1.7065000000000001 6.707
-9.582333333333333 2.897666666666667
-7.32725 2.04975
-9.174 2.2733333333333334
-7.9158 6.7424
-9.546000000000001 4.581333333333333
-6.236533333333333 5.862133333333333
-7.869285714285715 5.365285714285714
-8.78 8.361
-1.1549999999999998 4.509
-9.546000000000001 4.581333333333333
-7.6080000000000005 2.26775
-6.746 6.708500000000001
-1.7536 2.8211999999999997
-8.722999999999999 6.674727272727273
-6.746 6.708500000000001
-9.955666666666668 6.440833333333334
-6.2334000000000005 5.7886
-2.13475 5.077999999999999
-1.7065000000000001 6.707
-7.7704 2.6258
-8.78 8.4392
-8.7095 3.9845
-6.448666666666667 5.547333333333333
-7.115444444444444 6.737666666666667
-8.47925 7.0475
-8.732000000000001 5.285333333333334
-7.062666666666667 6.7335
-6.542428571428571 6.692428571428572
-3.8705 2.3555
-8.47925 7.0475
-6.2396666666666665 5.935666666666666
-2.4852857142857143 6.727714285714286
-7.607 6.744000000000001
-8.78 8.752
-9.531714285714287 4.834428571428572
-7.582750000000001 1.41975
-9.984125 5.971875
-9.8926 6.4528
-8.14625 1.3912499999999999
-5.257428571428572 2.064142857142857
-8.14925 3.177
-7.992999999999999 6.742
-7.136833333333334 2.1321666666666665
-8.6196 7.478
-8.392076923076923 5.7784615384615385
-9.565666666666667 2.5773333333333333
-9.546000000000001 4.581333333333333
-6.8752 2.2654
-7.333857142857143 2.6437142857142857
-8.78 8.84975
-8.78 8.84975
-8.8094 5.2858
-9.22676923076923 6.320769230769231
-9.277750000000001 4.23025
-8.6196 7.478
-9.965 5.9446
-6.561 5.537
-6.746 6.708500000000001
-8.5795 7.355
-7.607 6.744000000000001
-9.8926 6.4528
-8.47925 7.0475
-2.168 2.162
-6.898000000000001 5.505999999999999
-5.4805 2.281
-9.292 1.42125
-9.329928571428571 2.036857142857143
-8.679749999999999 7.6625
-8.620000000000001 1.3868333333333334
-8.78 8.137571428571428
-8.78 8.9084
-8.78 8.1655
-1.076 9.136
-3.7965714285714287 1.631857142857143
-5.266 1.9015
-10.161714285714286 6.225142857142857
-3.2 6.0440000000000005
-8.9895 4.2335
-10.000714285714286 6.432285714285714
-1.2057142857142857 6.249714285714285
-3.4 2.8543333333333334
-2.9393333333333334 1.9053333333333333
-4.39475 2.1102499999999997
-1.18 5.489599999999999
-8.419 3.534666666666667
-3.1904000000000003 5.6552
-8.014363636363637 2.5463636363636364
-1.146 4.098
-7.7518 1.4112
-8.423333333333334 2.598
-1.78125 3.2415
-5.49975 1.521
-7.723625 1.412625
-1.1613333333333333 2.401
-2.5516 5.4338
-3.7676 2.3689999999999998
-3.0585 2.40975
-5.92725 1.5190000000000001
-1.1624999999999999 4.8515
-7.676666666666667 1.415
-8.78 8.2046
-1.1145 2.567
-4.12775 2.3217499999999998
-1.154 2.096
-2.9602500000000003 6.7045
-6.8422857142857145 2.266142857142857
-1.8686666666666667 6.718666666666667
-1.9472 3.9128
-1.97 5.414833333333333
-4.042 2.3329999999999997
-5.871333333333333 2.281
-4.998666666666667 1.5403333333333333
-6.15175 1.70875
-7.992999999999999 6.742
-9.589571428571428 3.5062857142857142
-8.403285714285715 4.389
-6.23575 5.84375
-6.7295 5.5215
-7.992999999999999 6.742
-6.898000000000001 5.505999999999999
-9.536000000000001 4.7585
-7.984636363636364 4.689090909090909
-8.413 4.24
-8.0895 6.7415
-2.5846666666666667 2.9513333333333334
-7.144 2.259333333333333
-8.14925 3.177
-8.0895 6.7415
-7.42 5.443
-8.14925 3.177
-5.674636363636363 1.5201818181818183
-8.426666666666668 1.6866666666666665
-8.556000000000001 1.3835555555555556
-8.152 2.29325
-3.8705 2.3555
-8.9255 5.2865
-9.565666666666667 2.5773333333333333
-9.588000000000001 3.5543333333333336
-6.746 6.708500000000001
-9.3636 3.2108
-8.4175 3.7110000000000003
-9.130333333333333 5.773333333333333
-8.401666666666667 4.413833333333334
-9.345 5.497142857142857
-6.23575 5.84375
-7.526400000000001 1.4225999999999999
-2.826909090909091 5.628
-8.78 8.6738
-2.8068 6.712
-8.78 8.84975
-7.79225 6.382000000000001
-7.79225 6.382000000000001
-1.1475 4.1665
-7.901000000000001 5.3598
-7.992999999999999 6.742
-8.048142857142857 6.741714285714286
-7.322875 1.9471249999999998
-8.356333333333334 5.768666666666667
-9.574250000000001 3.9747500000000002
-1.1375 3.2695
-3.699 2.378
-9.424 2.2624444444444447
-6.236533333333333 5.862133333333333
-9.170923076923076 6.526923076923077
-7.7172857142857145 6.743428571428572
-9.526 4.935666666666667
-2.9602500000000003 6.7045
-6.177857142857143 2.172
-2.7775714285714286 6.7134285714285715
-2.44875 6.7295
-7.4526 6.744800000000001
-8.78 8.752
-2.161142857142857 3.19
-8.358600000000001 5.074400000000001
-6.9822500000000005 5.49825
-6.2678666666666665 6.5974666666666675
-6.62725 6.699125
-5.571 1.5206666666666666
-6.746 6.708500000000001
-6.9822500000000005 5.49825
-6.7385 1.8864999999999998
-5.4805 2.281
-9.468222222222222 3.214
-9.557428571428572 4.378857142857143
-4.672 2.2856666666666667
-8.419 3.534666666666667
-8.78 8.361
-8.78 8.84975
-8.78 8.472714285714286
-8.78 8.84975
-6.23575 5.84375
-8.367666666666667 4.935333333333333
-7.582750000000001 1.41975
-7.311 1.6685714285714286
-7.7062 4.981
-6.5680000000000005 2.2723333333333335
-7.1056 2.2601999999999998
-7.790000000000001 5.379
-4.60025 2.28625
-7.331 2.1377142857142855
-9.579 2.8336
-7.88 2.2805
-3.7652 1.6346
-6.255333333333334 6.303333333333334
-2.1804285714285716 5.9399999999999995
-8.4256 1.9344000000000001
-9.574250000000001 3.9747500000000002
-7.694666666666667 3.1686666666666667
-8.4062 4.3443000000000005
-9.577 3.8906666666666667
-7.03725 2.07075
-4.85325 1.56225
-8.71625 3.191
-6.527666666666667 1.49
-8.1564 7.4804
-8.615499999999999 6.695125
-5.4285 1.5213333333333334
-8.78 8.5565
-8.754666666666667 6.256666666666667
-9.812000000000001 5.7264
-9.3488 1.6099999999999999
-10.161714285714286 6.225142857142857
-7.607 6.744000000000001
-9.583 6.5115454545454545
-8.6584 1.3888
-2.14425 4.316
-8.0895 6.7415
-8.6584 1.3888
-8.416 3.8873333333333333
-6.76 2.268
-6.651 6.7010000000000005
-9.0885 6.605375
-9.565666666666667 2.5773333333333333
-4.685333333333333 2.0326666666666666
-8.605166666666667 4.237833333333334
-9.124600000000001 3.6268000000000002
-9.536000000000001 4.7585
-6.914333333333333 1.462
-7.605 5.411
-8.512666666666666 7.15
-9.588000000000001 3.5543333333333336
-8.394692307692308 5.586153846153846
-8.529375 7.20125
-8.423333333333334 2.598
-9.574250000000001 3.9747500000000002
-9.546000000000001 4.581333333333333
-6.250111111111111 6.180777777777778
-9.554166666666667 2.120166666666667
-8.78 8.5565
-9.8926 6.4528
-7.062666666666667 6.7335
-2.794 2.981
-7.171428571428572 2.2587142857142855
-2.472 6.728363636363636
-9.5142 6.5246
-7.386428571428572 6.7451428571428576
-9.955666666666668 6.440833333333334
-2.155181818181818 3.555727272727273
-2.6022000000000003 6.722
-2.1552 5.9722
-8.415454545454546 3.9514545454545456
-6.448666666666667 5.547333333333333
-8.9865 2.2815000000000003
-5.231333333333334 2.0783333333333336
-7.992999999999999 6.742
-9.526 4.935666666666667
-8.41525 3.9755000000000003
-8.121666666666666 6.741333333333333
-10.016 6.017333333333333
-7.115444444444444 6.737666666666667
-8.78 8.752
-9.096125 4.89625
-6.527666666666667 1.49
-8.529375 7.20125
-8.78 8.5565
-8.564625 2.299875
-8.78 8.361
-8.221666666666668 5.304333333333334
-7.006857142857143 2.2624285714285715
-9.5135 5.157125
-7.386428571428572 6.7451428571428576
-8.382777777777779 4.703555555555556
-8.367666666666667 4.935333333333333
-8.369285714285715 6.323714285714286
-8.629624999999999 7.50875
-8.512666666666666 7.15
-8.6998 7.724
-8.0895 6.7415
-8.743545454545455 7.858181818181818
-8.436285714285713 6.9157142857142855
-7.281291666666667 3.9991666666666665
-8.852 6.65025
-9.588000000000001 3.5543333333333336
-7.8645000000000005 1.4055
-8.78 8.9475
-8.512666666666666 7.15
-8.78 8.5565
-7.676666666666667 1.415
-8.707090909090908 7.746363636363636
-10.07975 6.10825
-8.152 2.29325
-8.572000000000001 1.384375
-7.085285714285714 6.735285714285714
-8.367666666666667 4.935333333333333
-8.78 8.752
-8.54 6.532857142857143
-8.679749999999999 7.6625
-7.603750000000001 3.167
-9.551 4.49275
-4.998666666666667 1.5403333333333333
-7.517333333333333 2.2635
-7.456888888888889 2.2606666666666664
-9.582333333333333 2.897666666666667
-7.790000000000001 5.379
-9.0688 4.87
-6.721 1.476
-1.94975 6.7245
-6.824 2.2665555555555557
-9.51457142857143 5.138142857142857
-9.102666666666666 6.778888888888889
-8.716000000000001 1.39175
-4.698090909090909 2.285454545454545
-5.648000000000001 2.281
-8.78 8.26325
-5.945833333333333 2.2303333333333333
-8.9255 5.2865
-8.564625 2.299875
-8.203800000000001 3.178
-6.2428 6.0092
-9.5858 3.6216
-9.324 2.2668
-9.5858 3.6216
-3.208 6.368
-8.78 8.5565
-1.1528571428571428 4.411142857142857
-2.1804 6.4854
-3.1576666666666666 2.5011666666666668
-5.784888888888889 1.9436666666666667
-8.9865 2.2815000000000003
-8.426285714285715 1.7751428571428571
-5.380000000000001 2.281
-2.48 2.545
-6.952 2.2636666666666665
-3.8705 2.3555
-5.9495000000000005 2.281
-1.1549999999999998 4.509
-5.685111111111111 1.8593333333333333
-7.8790000000000004 2.7184999999999997
-4.855 1.5495
-1.2 5.96
-2.1395 4.697
-2.1574999999999998 3.4135
-1.2025 6.8629999999999995
-1.16 4.536
-4.998666666666667 1.5403333333333333
-4.631 2.286
-6.527666666666667 1.49
-8.052333333333333 1.396
-4.6395 1.56325
-1.07875 8.4925
-1.115 7.818
-2.8824 2.1522
-2.166 2.544
-2.1426666666666665 4.443
-1.07875 8.4925
-2.166 2.593714285714286
-2.761 2.3965
-5.558666666666667 2.281
-6.5191 2.0269000000000004
-3.0375 1.6912500000000001
-1.210909090909091 6.403272727272727
-1.8582 3.1715999999999998
-1.1145 2.567
-1.1340000000000001 2.203666666666667
-1.1533333333333333 4.432888888888889
-4.042 2.3329999999999997
-1.0783333333333334 8.59
-3.05225 5.403875
-2.17 2.128
-1.15 7.436
-7.676666666666667 1.415
-2.168 2.51
-6.914333333333333 1.462
-1.9941666666666666 2.8625
-9.52442857142857 3.990142857142857
-1.1247500000000001 2.641
-3.0188333333333333 5.620333333333333
-2.6022 6.722
-2.1574999999999998 3.4135
-1.496 2.4006250000000002
-1.89 5.3927499999999995
-1.4899999999999998 5.282333333333333
-2.9593333333333334 2.4053333333333335
-1.1076666666666668 2.5176666666666665
-1.1475 4.1665
-1.1624999999999999 4.8515
-1.39225 3.85175
-1.39225 3.85175
-3.1968 5.9144000000000005
-1.0766666666666667 8.979999999999999
-3.406 2.8371666666666666
-3.2053333333333334 6.26
-2.9602500000000003 6.7045
-2.15325 3.67425
-3.1872000000000003 5.5256
-4.110285714285714 1.6044285714285713
-5.92725 1.5190000000000001
-6.561 5.537
-5.6935 1.8995000000000002
-7.333500000000001 2.7085
-5.715 2.281
-5.558666666666667 2.281
-3.4088000000000003 2.9406
-9.526 4.935666666666667
-3.692 1.641
-4.672 2.2856666666666667
-4.7131428571428575 2.959857142857143
-5.871333333333333 2.281
-6.373 1.5012
-8.426666666666668 1.6866666666666665
-4.6715 3.0895
-6.5680000000000005 2.2723333333333335
-9.564499999999999 1.8465
-9.174 2.2733333333333334
-9.577 3.8906666666666667
-6.255333333333334 6.303333333333334
-9.558714285714286 3.382714285714286
-8.234 5.3022
-8.546083333333332 7.2524999999999995
-7.3345714285714285 2.5141428571428572
-2.7045000000000003 6.7170000000000005
-9.546000000000001 4.581333333333333
-6.587666666666666 6.696000000000001
-9.3025 3.4735
-8.635250000000001 5.284750000000001
-8.78 8.5565
-8.78 8.752
-8.47925 7.0475
-10.07975 6.10825
-8.78 8.752
-8.390333333333334 4.587666666666667
-6.898000000000001 5.505999999999999
-7.710714285714286 5.392714285714286
-9.549 2.257
-8.4235 2.525
-3.212 6.53
-8.379000000000001 4.7615
-8.6998 7.724
-7.790000000000001 5.379
-8.5795 7.355
-8.78 8.5565
-8.78 8.84975
-7.011 1.455
-8.577200000000001 5.284400000000001
-10.016 6.017333333333333
-7.3185 1.8445
-8.646333333333333 7.56
-8.679749999999999 7.6625
-5.92725 1.5190000000000001
-9.561142857142858 3.664142857142857
-7.5328 6.9908
-6.2396666666666665 5.935666666666666
-7.317153846153847 2.3644615384615384
-8.757142857142858 1.393857142857143
-8.539399999999999 7.232
-8.422666666666666 2.89
-6.746 6.708500000000001
-6.9835 6.727250000000001
-3.692 1.641
-3.699 2.378
-9.730428571428572 6.4835714285714285
-8.422666666666666 2.89
-7.607 6.744000000000001
-9.0115 2.762
-5.571 1.5206666666666666
-9.551 4.49275
-8.3604 4.8628
-3.9848000000000003 1.6154
-7.227222222222222 6.181111111111111
-8.754666666666667 6.256666666666667
-9.28725 3.9805
-5.9595 2.09125
-8.379000000000001 4.7615
-7.9750000000000005 5.347
-8.41975 3.4465
-9.761000000000001 5.653666666666667
-9.292 1.42125
-7.864 2.29975
-8.014750000000001 2.834375
-8.052333333333333 1.396
-9.004000000000001 1.4064999999999999
-2.14425 4.316
-6.904333333333334 6.721
-8.9255 5.2865
-7.526400000000001 1.4225999999999999
-7.676666666666667 1.415
-2.7045000000000003 6.7170000000000005
-7.107666666666667 1.448
-7.488833333333334 1.4244999999999999
-3.069857142857143 6.699142857142857
-5.871333333333333 2.281
-2.1672 2.2452
-5.871333333333333 2.281
-6.373 1.5012
-7.5536 2.2652
-4.6395 1.56325
-1.1383333333333332 3.454333333333333
-3.6005000000000003 1.649
-4.032 2.0829999999999997
-1.6092 6.7
-1.9873333333333334 2.378166666666667
-1.898 2.38225
-2.5626666666666664 2.3876666666666666
-2.5626666666666664 2.3876666666666666
-1.174 1.9883333333333333
-1.3619999999999999 5.247
-6.76 2.268
-3.0408333333333335 3.0108333333333333
-3.406 2.8371666666666666
-1.1375 3.2695
-1.1366666666666667 3.0846666666666667
-5.1538571428571425 3.0174285714285713
-1.6749999999999998 6.0655
-1.9884 6.4323999999999995
-1.1549999999999998 4.509
-1.6749999999999998 6.0655
-1.1375 3.2695
-1.21 6.3764
-2.17 2.128
-2.15325 3.67425
-1.1213333333333333 2.6163333333333334
-2.7045000000000003 6.7170000000000005
-1.0783333333333334 8.59
-2.4949090909090907 1.9306363636363637
-1.894 2.572285714285714
-7.801428571428572 2.652285714285714
-1.16625 5.02275
-3.192 5.72
-5.558666666666667 2.281
-7.0776 1.6034
-1.7065000000000001 6.707
-3.5275 2.4005
-1.0757142857142856 9.202857142857143
-2.4635 2.77475
-1.6219999999999999 2.2525714285714287
-3.194666666666667 5.828
-2.898307692307692 2.6033846153846154
-2.13475 5.077999999999999
-3.1977777777777776 1.6811111111111112
-4.998666666666667 1.5403333333333333
-5.162857142857143 1.5298571428571428
-1.4763333333333333 3.8609999999999998
-8.425333333333333 1.9963333333333333
-6.47675 5.54475
-3.8705 2.3555
-4.12775 2.3217499999999998
-8.4225 2.963
-5.03075 2.28275
-7.6080000000000005 2.26775
-8.4265 1.725375
-6.9822500000000005 5.49825
-8.4225 2.963
-7.88 2.2805
-7.8790000000000004 2.7184999999999997
-6.603125 5.533125
-6.8542000000000005 1.7728
-9.436499999999999 2.2619000000000002
-8.716000000000001 1.39175
-9.127125 2.275375
-5.8088 2.281
-7.156000000000001 1.4445
-9.589571428571428 3.5062857142857142
-9.590666666666667 3.0578333333333334
-8.814333333333334 3.194
-8.414285714285715 4.088857142857143
-8.352555555555556 5.167111111111112
-8.394692307692308 5.586153846153846
-8.415571428571429 3.9377142857142857
-6.587666666666666 6.696000000000001
-9.526 4.935666666666667
-9.577 3.8906666666666667
-7.88 2.2805
-7.9750000000000005 5.347
-9.591666666666667 3.442222222222222
-6.898000000000001 5.505999999999999
-9.588000000000001 3.5543333333333336
-7.331791666666667 2.3891666666666667
-3.108 3.0255
-9.523142857142858 4.986285714285715
-9.565666666666667 2.5773333333333333
-8.552777777777779 3.186
-6.561 5.537
-1.7875833333333333 6.712833333333333
-7.7518 1.4112
-9.565666666666667 2.5773333333333333
-9.564499999999999 1.8465
-4.672 2.2856666666666667
-9.559333333333333 1.9833333333333334
-9.574 2.7375
-8.4225 2.963
-7.272875 4.2675
-8.845875 2.2876250000000002
-8.423333333333334 2.598
-7.9750000000000005 5.347
-8.3994 4.4486
-6.250857142857143 6.198285714285714
-8.422333333333334 3.036
-8.7574 6.668200000000001
-4.9590000000000005 2.283333333333333
-8.5795 7.355
-7.139833333333334 3.0151666666666666
-8.41709090909091 3.7590909090909093
-8.429124999999999 6.893750000000001
-6.5680000000000005 2.2723333333333335
-6.513142857142857 2.2735714285714286
-6.948666666666667 2.868333333333333
-2.03775 3.0084999999999997
-3.0375 1.6912500000000001
-2.1574999999999998 3.4135
-2.1323749999999997 5.2684999999999995
-2.5229999999999997 2.7513
-1.2495555555555555 2.6766666666666667
-3.2483636363636363 2.3614545454545457
-1.6219999999999999 2.2525714285714287
-5.46975 2.09025
-1.1364285714285713 3.0318571428571426
-5.842666666666667 1.7723333333333333
-2.1626 3.1006
-2.166 2.593714285714286
-2.1574999999999998 3.4135
-2.1574999999999998 3.4135
-2.166 2.544
-4.1792 2.315
-1.0766666666666667 8.979999999999999
-2.61225 2.389875
-1.5814285714285714 5.307571428571428
-1.07625 9.077499999999999
-1.1546666666666667 7.385066666666666
-1.209230769230769 6.789538461538461
-3.2376 2.3553
-3.1191999999999998 2.2876
-2.4088000000000003 1.8814
-1.69 4.732333333333333
-3.850222222222222 2.711888888888889
-3.05225 5.403875
-4.855 1.5495
-2.7640000000000002 2.0845000000000002
-1.71 3.306222222222222
-3.123 6.696545454545455
-2.48 2.545
-2.48 2.545
-1.1383333333333332 3.454333333333333
-2.1466250000000002 4.1255
-1.1475 4.1665
-1.1015384615384616 7.9649230769230766
-2.179 6.456888888888889
-1.9794545454545454 3.0614545454545454
-1.0764285714285715 9.035714285714285
-2.4174545454545453 5.441818181818181
-1.1566666666666665 4.585111111111111
-1.359 6.6819999999999995
-2.1363333333333334 4.951
-2.1363333333333334 4.951
-2.0957 6.735
-1.3265454545454545 3.6545454545454543
-2.1592 3.3092
-2.5252499999999998 5.435375
-2.166 2.8049999999999997
-4.12775 2.3217499999999998
-3.016 2.407857142857143
-3.016 2.407857142857143
-4.042 2.3329999999999997
-2.1524 3.7264
-6.5191 2.0269000000000004
-1.07625 9.077499999999999
-2.2258181818181817 5.453272727272727
-6.7425 1.8575
-2.9205 5.41175
-2.14425 4.316
-2.1626 3.1006
-1.7875833333333333 6.712833333333333
-1.0758333333333332 9.174999999999999
-1.4699999999999998 4.369
-2.44875 6.7295
-2.285 2.098
-2.285 2.098
-2.4605 1.72775
-4.60025 2.28625
-1.1385714285714286 3.507142857142857
-2.749 1.7095
-5.715 2.281
-4.042 2.3329999999999997
-2.26175 5.451124999999999
-1.1475 4.1665
-2.1395 4.697
-2.1741 6.3571
-1.5333333333333332 1.764
-2.1626 3.1006
-2.9593333333333334 2.4053333333333335
-3.4795555555555553 2.495222222222222
-1.1528571428571428 4.411142857142857
-2.761 2.3965
-2.14425 4.316
-3.1904000000000003 5.6552
-6.5680000000000005 2.2723333333333335
-4.998666666666667 1.5403333333333333
-3.7676 2.3689999999999998
-5.842666666666667 1.7723333333333333
-5.9595 2.09125
-6.348571428571429 2.2772857142857146
-6.721 1.476
-2.159818181818182 3.271272727272727
-4.576333333333333 2.2864444444444443
-9.58788888888889 3.0044444444444443
-6.5680000000000005 2.2723333333333335
-8.420363636363637 3.3743636363636362
-8.679749999999999 7.6625
-1.2685882352941176 3.697470588235294
-5.91725 1.70875
-8.052333333333333 1.396
-8.512666666666666 7.15
-8.9865 2.2815000000000003
-6.348571428571429 2.2772857142857146
-4.672 2.2856666666666667
-2.7887500000000003 5.419625
-9.163214285714286 2.4374285714285717
-9.556142857142857 2.3942857142857146
-9.569666666666667 1.7096666666666667
-8.9865 2.2815000000000003
-4.670285714285715 1.5612857142857142
-9.569666666666667 1.7096666666666667
-7.8765 3.1719999999999997
-5.558666666666667 2.281
-8.358600000000001 5.8658
-6.229222222222222 5.690555555555555
-2.7045000000000003 6.7170000000000005
-1.852666666666667 1.755
-8.529375 7.20125
-8.390333333333334 4.587666666666667
-8.942499999999999 6.015000000000001
-8.4255 1.9576250000000002
-8.4145 4.063666666666666
-8.3535 5.6472500000000005
-7.876666666666667 5.8925833333333335
-8.41525 3.9755000000000003
-9.955666666666668 6.440833333333334
-6.2475000000000005 6.1195
-8.941333333333333 7.374444444444444
-9.523142857142858 4.986285714285715
-8.529375 7.20125
-9.546000000000001 4.581333333333333
-8.729875 7.81625
-8.78 8.26325
-8.78 8.84975
-6.512857142857143 5.541428571428571
-8.78 8.752
-2.161363636363636 3.176454545454545
-7.689333333333334 6.136416666666667
-6.2334000000000005 5.7886
-8.5795 7.355
-8.754666666666667 6.256666666666667
-9.69725 5.56275
-6.2475000000000005 6.1195
-6.230714285714286 5.7255714285714285
-8.036666666666667 5.336333333333333
-7.5105 6.7445
-9.812000000000001 5.7264
-6.265777777777778 6.548444444444445
-8.418142857142858 3.6354285714285712
-6.5085 6.68975
-9.526 4.935666666666667
-7.549200000000001 3.166
-9.068 1.4097777777777778
-7.171428571428572 2.2587142857142855
-6.677714285714286 2.269857142857143
-7.8765 3.1719999999999997
-7.090571428571429 5.4882857142857135
-9.21575 5.28825
-3.999125 2.338625
-7.9750000000000005 5.347
-8.754666666666667 6.256666666666667
-7.616333333333333 5.8966666666666665
-7.1721111111111115 1.4433333333333334
-10.07975 6.10825
-5.571 1.5206666666666666
-3.033090909090909 2.2383636363636366
-8.9865 2.2815000000000003
-9.51457142857143 5.138142857142857
-8.9895 4.2335
-6.230714285714286 5.7255714285714285
-6.145777777777778 1.6027777777777779
-8.78 8.5565
-7.698666666666667 2.272
-7.740125000000001 3.1694999999999998
-8.416272727272728 3.8552727272727276
-2.7045000000000003 6.7170000000000005
-2.9413333333333336 1.6973333333333334
-1.3265454545454545 3.6545454545454543
-3.8705 2.3555
-5.6212 2.281
-3.8705 2.3555
-1.1475 4.1665
-1.7372 2.3896
-3.8705 2.3555
-2.166 2.457
-4.1792 2.315
-1.6996363636363636 3.3156363636363633
-4.058 1.609
-4.058 1.609
-4.492625 2.2871249999999996
-2.1357 5.001799999999999
-3.208 6.368
-1.18875 5.74825
-1.1566666666666665 4.585111111111111
-1.3985454545454545 6.556
-2.13475 5.077999999999999
-1.9928571428571429 5.421142857142857
-1.5966666666666667 5.3117777777777775
-2.1395 4.697
-2.4174545454545453 5.441818181818181
-1.158 4.646
-2.1363333333333334 4.951
-2.186714285714286 6.340999999999999
-6.255333333333334 6.303333333333334
-1.20125 6.11775
-1.7875833333333333 6.712833333333333
-8.177555555555557 1.3896666666666666
-7.306 1.5512857142857142
-10.118 6.1628
-8.379000000000001 4.7615
-6.746 6.708500000000001
-9.569666666666667 1.7096666666666667
-7.6887 7.1132
-6.913666666666667 5.873666666666667
-6.4638 6.4318
-6.913666666666667 5.873666666666667
-8.539399999999999 7.232
-8.362 6.0115
-8.635250000000001 5.284750000000001
-7.694666666666667 3.1686666666666667
-8.3518 5.1787
-9.530000000000001 4.8648
-8.4148 4.0284
-7.069 1.4507999999999999
-6.5680000000000005 2.2723333333333335
-9.574 2.7375
-8.423333333333334 2.598
-9.577 3.8906666666666667
-8.3518 5.574400000000001
-9.965 5.9446
-9.5738 1.6002
-9.004000000000001 1.4064999999999999
-7.311 1.6685714285714286
-7.582750000000001 1.41975
-6.914333333333333 1.462
-5.010666666666666 3.117
-1.15 4.280666666666667
-5.9495000000000005 2.281
-5.92725 1.5190000000000001
-3.1904000000000003 5.6552
-5.258 2.567
-3.2140909090909093 3.0377272727272726
-1.1111428571428572 2.326714285714286
-2.9593333333333334 2.4053333333333335
-1.13625 2.99225
-7.5536 2.2652
-2.0634285714285716 2.420714285714286
-2.4635 2.3832500000000003
-3.194666666666667 5.828
-1.1375 3.2695
-2.549666666666667 2.9221666666666666
-2.1608571428571426 3.2587142857142855
-1.1340000000000001 2.203666666666667
-1.2075 6.3025
-1.15 4.280666666666667
-2.13475 5.077999999999999
-1.13875 3.54675
-1.0766666666666667 8.979999999999999
-1.1375 3.2695
-2.875 6.708666666666667
-2.1574999999999998 3.4135
-6.952 2.2636666666666665
-1.3081666666666667 3.8425
-2.1574999999999998 3.4135
-1.451 7.7139999999999995
-2.5423333333333336 2.2378333333333336
-1.1340000000000001 2.203666666666667
-1.9325 1.75275
-2.156285714285714 3.488
-2.794 2.981
-5.255000000000001 2.4955
-1.174 1.9883333333333333
-5.067875 1.554875
-3.192 5.72
-4.2135 2.3104999999999998
-6.538 5.227142857142857
-9.551 4.49275
-9.232857142857142 2.2567142857142857
-8.3858 4.6572000000000005
-8.78 8.752
-6.9835 6.727250000000001
-8.290375000000001 1.46675
-9.582333333333333 2.897666666666667
-7.3185 1.8445
-6.472 2.2745
-9.119200000000001 1.4123999999999999
-9.564499999999999 1.8465
-8.78 8.6738
-6.47675 5.54475
-8.41975 3.4465
-9.574250000000001 3.9747500000000002
-8.78 8.361
-9.955666666666668 6.440833333333334
-7.607 6.744000000000001
-8.3705 6.37575
-9.640333333333334 6.500666666666667
-2.761 2.3965
-4.149500000000001 1.601
-3.016 2.407857142857143
-9.526 4.935666666666667
-9.5738 1.6002
-9.640333333333334 6.500666666666667
-8.7574 6.668200000000001
-7.011 1.455
-9.232857142857142 2.2567142857142857
-7.227222222222222 6.181111111111111
-9.52511111111111 3.942
-8.812000000000001 1.3966666666666667
-8.78 8.84975
-8.649285714285714 6.688714285714286
-8.4148 4.0284
-8.436285714285713 6.9157142857142855
-3.999125 2.338625
-8.78 8.9084
