-1.1033333333333335 7.945333333333332
-1.1949999999999998 5.933
-2.761 2.6574999999999998
-1.07875 8.4925
-1.077 8.902
-3.0408333333333335 3.0108333333333333
-1.108 7.894399999999999
-1.174 1.9883333333333333
-5.715 2.281
-2.481333333333333 5.438
-4.855 1.5495
-2.1524 3.7264
-2.8644 1.7022
-1.362 2.40675
-1.146 4.098
-1.41 5.26025
-7.7712 2.2754
-3.184 5.396
-8.472916666666666 6.619166666666667
-6.4144000000000005 2.2758000000000003
-3.208 6.368
-2.1603333333333334 3.2396666666666665
-1.46325 6.6895
-6.7295 5.5215
-2.5085454545454544 2.9405454545454544
-8.71625 3.191
-3.035 6.4865
-6.47675 5.54475
-3.3335 1.8605
-1.5443333333333333 6.695333333333333
-1.7065000000000001 6.707
-8.649 2.2962000000000002
-2.5340000000000003 6.725333333333333
-1.8581999999999999 3.1715999999999998
-1.1866666666666665 5.6866666666666665
-2.16175 3.15275
-1.154 2.096
-2.1546666666666665 3.5873333333333335
-1.1966666666666668 6.926666666666666
-5.856 1.5193333333333334
-5.251714285714286 2.1725714285714286
-6.4144000000000005 2.2758000000000003
-1.693 1.7595
-5.109 2.163666666666667
-2.4635 2.3832500000000003
-2.15325 3.67425
-3.1982222222222223 5.972
-2.166 2.742857142857143
-8.592571428571429 1.3854285714285715
-1.94975 6.7245
-6.605 1.4844
-6.8752 2.2654
-7.6080000000000005 2.26775
-6.046 1.5184444444444445
-9.577 3.8906666666666667
-7.790000000000001 5.379
-9.568999999999999 2.6414
-8.78 8.882333333333333
-7.9750000000000005 5.347
-8.78 8.84975
-8.367666666666667 4.935333333333333
-7.697500000000001 5.395
-9.594285714285714 3.362142857142857
-8.78 8.84975
-8.41525 3.9755000000000003
-9.579 2.8336
-8.66075 6.3775
-9.5825 3.7225
-8.47925 7.0475
-8.6196 7.478
-8.566833333333333 6.498333333333333
-8.78 8.84975
-9.174 2.2733333333333334
-8.78 8.752
-8.717749999999999 2.534
-1.6092 6.7
-1.6092 6.7
-1.350857142857143 1.7691428571428571
-1.115 7.818
-3.208 6.368
-1.0778571428571428 8.70142857142857
-1.7614285714285716 1.7575714285714286
-2.1323749999999997 5.2684999999999995
-2.1327142857142856 5.241285714285714
-4.60025 2.28625
-1.0766666666666667 8.979999999999999
-4.855 1.5495
-2.1603333333333334 3.2396666666666665
-8.407769230769231 4.624615384615385
-1.2154545454545453 6.537636363636364
-3.0375 1.6912500000000001
-1.166 2.0314
-3.208 6.368
-1.2008333333333332 1.9299999999999997
-1.9368888888888889 2.4466666666666668
-2.151125 3.804625
-1.2137499999999999 6.4872499999999995
-3.61325 2.38925
-1.898 2.38225
-1.13625 2.99225
-1.2075 6.3025
-1.2075 6.3025
-7.5125 5.427
-6.174444444444444 2.1114444444444445
-3.0585 2.40975
-7.306 1.5512857142857142
-7.603750000000001 3.167
-1.94975 6.7245
-1.1442857142857141 4.019714285714286
-6.5085 6.68975
-9.536000000000001 4.7585
-6.5085 6.68975
-9.518 5.0774
-1.1433333333333333 3.976222222222222
-1.1366666666666667 3.0846666666666667
-2.166857142857143 2.280857142857143
-4.60025 2.28625
-1.07625 9.077499999999999
-5.0705 1.53575
-2.285 2.3753
-5.991833333333333 1.6451666666666667
-2.13475 5.077999999999999
-4.12775 2.3217499999999998
-2.7640000000000002 2.0845000000000002
-1.4899999999999998 5.282333333333333
-4.7540000000000004 2.285
-1.18 5.247999999999999
-4.631 2.286
-5.856 1.5193333333333334
-7.048 2.2615
-8.6584 1.3888
-3.8705 2.3555
-2.961333333333333 2.1973333333333334
-4.7540000000000004 2.285
-2.9593333333333334 2.4053333333333335
-2.1711428571428573 1.8351428571428572
-4.60025 2.28625
-1.15 7.436
-1.079 8.434
-1.1614285714285713 4.8025714285714285
-3.1936 5.7848
-6.027666666666667 2.281
-4.60025 2.28625
-5.91725 1.70875
-2.3784 5.3152
-1.13875 3.54675
-2.1405555555555553 4.612333333333333
-1.1549999999999998 4.509
-2.1592 2.996
-2.1376 4.8494
-3.692 1.641
-9.5825 3.7225
-2.44875 6.7295
-2.15325 3.67425
-4.508 2.287
-5.324166666666667 2.281
-2.15325 3.67425
-2.1524 3.7264
-7.7501999999999995 1.7828
-1.15 7.436
-4.923125000000001 2.283625
-2.5626666666666664 2.3876666666666666
-4.60025 2.28625
-9.559 2.4492000000000003
-1.4786666666666668 2.6
-1.51125 4.437125
-2.827111111111111 2.6314444444444445
-2.1395 4.697
-1.184 1.9344999999999999
-3.0585 2.40975
-4.670285714285715 1.5612857142857142
-1.362 2.40675
-2.166 2.718
-6.952 2.2636666666666665
-3.6005000000000003 1.649
-2.5272 1.9491
-4.998666666666667 1.5403333333333333
-3.7969999999999997 2.365142857142857
-2.9205 5.41175
-3.0375 1.6912500000000001
-5.380000000000001 2.281
-7.069 1.4507999999999999
-2.404 2.7982
-3.484625 2.406125
-2.1331666666666664 5.205
-4.998666666666667 1.5403333333333333
-2.5566666666666666 1.7216666666666667
-8.415571428571429 3.9377142857142857
-9.004000000000001 1.4064999999999999
-4.672 2.2856666666666667
-6.952 2.2636666666666665
-3.0375 1.6912500000000001
-2.5626666666666664 2.7356666666666665
-2.2972941176470587 2.685235294117647
-1.9095 3.125
-2.1574999999999998 3.4135
-1.637 6.702
-2.16175 3.15275
-6.803857142857143 1.47
-3.3335 1.8605
-5.054666666666667 2.2825555555555557
-8.422666666666666 2.89
-6.677714285714286 2.269857142857143
-6.9659 1.6881
-8.649 2.2962000000000002
-5.485555555555555 1.6906666666666668
-8.597727272727273 7.410909090909091
-4.2085 2.1854999999999998
-5.4805 2.281
-5.768083333333333 1.8359166666666666
-4.4514 2.916
-7.048 2.2615
-5.558666666666667 2.281
-2.4258823529411764 2.558705882352941
-1.81 5.370666666666667
-7.048 2.2615
-3.8705 2.3555
-5.276 1.71175
-4.4045000000000005 1.9324999999999999
-7.790000000000001 5.379
-8.8888 1.4006
-2.31475 2.376625
-5.571 1.5206666666666666
-8.451 3.241
-9.526 4.935666666666667
-4.278666666666667 1.8756666666666668
-8.70525 2.29375
-2.3784 5.3152
-8.423333333333334 2.598
-4.8155 2.2845
-2.1635714285714287 3.041
-2.5229999999999997 2.7513
-3.208 6.368
-2.163875 3.022375
-5.268857142857143 1.8472857142857144
-2.1592 3.3091999999999997
-5.49975 1.521
-2.1626 2.683
-5.842666666666667 1.7723333333333333
-4.711333333333333 1.5586666666666666
-4.12775 2.3217499999999998
-8.801666666666668 1.6703333333333332
-9.577 3.8906666666666667
-6.376 2.276666666666667
-8.213571428571427 6.740857142857143
-8.78 8.26325
-9.559333333333333 1.9833333333333334
-8.436285714285713 6.9157142857142855
-8.423 2.7439999999999998
-4.793428571428572 1.5534285714285714
-9.292 1.42125
-9.943142857142858 5.913428571428572
-6.9822500000000005 5.49825
-8.3535 5.6472500000000005
-9.127125 2.275375
-9.292 1.42125
-8.584714285714286 2.299
-9.564499999999999 1.8465
-8.14625 1.3912499999999999
-8.016 2.286875
-9.5676 1.7644
-9.564499999999999 1.8465
-8.182222222222222 2.2946666666666666
-9.425333333333333 5.587777777777777
-9.099 2.2766
-8.240166666666667 3.1786666666666665
-8.14625 1.3912499999999999
-8.8888 1.4006
-9.564499999999999 1.8465
-7.901000000000001 5.3598
-2.875 6.708666666666667
-9.588000000000001 3.5543333333333336
-9.574 2.7375
-8.396 4.50075
-9.5825 3.7225
-8.415571428571429 3.9377142857142857
-9.574 2.7375
-9.577571428571428 2.806142857142857
-8.474 5.283777777777778
-8.635250000000001 5.284750000000001
-9.596285714285715 2.9634285714285715
-7.0761111111111115 2.966222222222222
-5.856 1.5193333333333334
-9.580666666666668 3.7785555555555557
-9.096125 4.89625
-9.119 5.2876666666666665
-8.390333333333334 4.587666666666667
-8.39788888888889 4.471777777777778
-7.9750000000000005 5.347
-8.54 6.532857142857143
-8.78 8.807857142857143
-8.549625 4.37125
-7.2897083333333335 3.730833333333333
-7.349666666666667 6.745333333333334
-9.574250000000001 3.9747500000000002
-7.0665000000000004 5.4905
-9.574250000000001 3.9747500000000002
-8.152 2.29325
-10.143500000000001 6.199166666666667
-8.213571428571427 6.740857142857143
-8.512666666666666 7.15
-9.559333333333333 1.9833333333333334
-8.942499999999999 6.015000000000001
-8.429124999999999 6.893750000000001
-9.521 5.02425
-9.548857142857143 4.530714285714286
-8.512666666666666 7.15
-6.656555555555555 1.4806666666666666
-9.574250000000001 3.9747500000000002
-8.47925 7.0475
-8.094700000000001 3.176
-6.25925 6.39525
-10.052428571428573 6.069285714285715
-6.23575 5.84375
-6.47675 5.54475
-8.539399999999999 7.232
-8.356333333333334 5.109166666666667
-8.78 8.361
-8.364428571428572 6.115571428571429
-8.367666666666667 4.935333333333333
-9.516 5.112833333333334
-8.78 8.305142857142858
-9.594285714285714 3.362142857142857
-8.372200000000001 4.8658
-8.152 2.29325
-8.78 9.045250000000001
-7.327583333333334 2.5233333333333334
-4.12775 2.3217499999999998
-8.369285714285715 6.323714285714286
-5.715 2.281
-7.36575 6.74525
-7.8645000000000005 1.4055
-9.551 4.49275
-9.8926 6.4528
-6.914333333333333 1.462
-9.546000000000001 4.581333333333333
-9.546000000000001 4.581333333333333
-8.679749999999999 7.6625
-8.47925 7.0475
-9.436 1.428625
-1.89675 3.90725
-5.6212 2.281
-8.372200000000001 4.8658
-2.90975 2.403125
-9.569666666666667 1.7096666666666667
-9.659 5.5082
-8.679749999999999 7.6625
-8.679749999999999 7.6625
-10.099 6.413636363636364
-8.152 2.29325
-9.569666666666667 1.7096666666666667
-8.048142857142857 6.741714285714286
-6.23575 5.84375
-9.55675 2.05175
-2.1678 6.2288
-8.401666666666667 4.413833333333334
-2.1354285714285712 5.023571428571429
-1.1366666666666667 3.0846666666666667
-9.119200000000001 1.4123999999999999
-9.536000000000001 4.7585
-7.358333333333333 5.453666666666666
-2.1804 6.4854
-2.1678 6.2288
-6.2475000000000005 6.1195
-1.8686666666666667 6.718666666666667
-8.094700000000001 3.176
-4.12775 2.3217499999999998
-8.801666666666668 1.6703333333333332
-8.425142857142857 2.0405714285714285
-8.014750000000001 2.8343749999999996
-8.70525 2.29375
-9.565666666666667 2.5773333333333333
-6.027666666666667 2.281
-7.605 5.411
-6.914333333333333 1.462
-8.4232 2.6564
-9.563285714285714 2.5315714285714286
-8.814333333333334 3.194
-8.78 8.84975
-9.369375 5.15875
-8.812000000000001 1.3966666666666667
-7.88 2.2805
-8.4166 3.8168
-9.130333333333333 5.773333333333333
-7.7712 2.2754
-9.0885 6.605375
-8.423333333333334 2.598
-9.943142857142858 5.913428571428572
-9.565666666666667 2.5773333333333333
-3.8073684210526317 3.071105263157895
-8.367666666666667 6.254333333333333
-8.78 8.5565
-1.146 4.098
-8.354714285714286 5.699285714285715
-9.589 3.0258
-9.582333333333333 2.897666666666667
-3.0695555555555556 1.6892222222222222
-8.426666666666668 1.6866666666666665
-8.47925 7.0475
-9.574 2.7375
-9.5615 6.515625
-9.318166666666666 5.531666666666666
-5.514 2.281
-7.3347500000000005 2.48175
-6.5680000000000005 2.2723333333333335
-2.166 2.7876
-7.136833333333334 2.1321666666666665
-10.099 6.413636363636364
-8.111714285714287 2.9171428571428573
-9.325 6.5605
-5.582666666666666 2.8529999999999998
-9.565666666666667 2.5773333333333333
-4.855 1.5495
-7.331 2.1377142857142855
-9.531714285714287 4.834428571428572
-5.067875 1.554875
-5.162857142857143 1.5298571428571428
-8.6998 7.724
-9.196 1.4163333333333332
-2.9593333333333334 2.4053333333333335
-5.03075 2.28275
-6.3067142857142855 1.506
-2.1354285714285712 5.023571428571429
-8.757142857142858 1.393857142857143
-7.135285714285715 1.446
-6.513142857142857 2.2735714285714286
-8.422666666666666 2.89
-2.61225 2.716125
-8.78 8.84975
-2.88 2.4018
-4.642428571428572 3.087142857142857
-7.107666666666667 1.448
-2.1418749999999998 4.5065
-3.8705 2.3555
-7.8935 2.748
-8.287125000000001 1.384125
-7.171428571428572 2.2587142857142855
-3.092888888888889 2.272555555555556
-1.7065000000000001 6.707
-3.7969999999999997 2.365142857142857
-5.258 2.567
-1.4535 1.7662499999999999
-1.1366666666666667 3.0846666666666667
-2.316875 6.57375
-3.741875 2.372375
-2.1331666666666664 5.205
-2.7045000000000003 6.7170000000000005
-1.0766666666666667 8.979999999999999
-1.077 8.902
-1.2075 6.3025
-2.9413333333333336 1.6973333333333334
-4.672 2.2856666666666667
-1.07625 9.077499999999999
-2.364333333333333 2.3788333333333336
-2.1395 4.697
-1.115 7.818
-1.4786666666666668 2.6
-2.035142857142857 1.7498571428571428
-1.1614285714285713 4.8025714285714285
-4.8155 2.2845
-2.4605 1.72775
-2.4605 1.72775
-1.5333333333333332 1.764
-2.761 2.6574999999999998
-1.1145 2.567
-2.336 2.3775714285714287
-4.1792 2.315
-1.4146 6.686
-1.5333333333333332 1.764
-2.657 5.4275
-1.1145 2.567
-3.973777777777778 2.784111111111111
-1.1340000000000001 2.203666666666667
-1.3026 7.908399999999999
-1.1366666666666667 3.0846666666666667
-1.1375 3.2695
-2.140857142857143 4.5881428571428575
-2.3976 6.732
-1.69 4.732333333333333
-1.0757142857142856 9.202857142857143
-7.801428571428572 2.652285714285714
-2.1558 3.5178000000000003
-2.158 6.029222222222222
-6.785666666666667 5.516333333333333
-1.3071428571428572 5.231857142857143
-6.746 6.708500000000001
-6.823857142857143 1.939142857142857
-4.5285 2.286833333333333
-6.570875 1.50775
-7.977200000000001 1.3998
-2.7045000000000003 6.7170000000000005
-6.2475000000000005 6.1195
-7.607 6.744000000000001
-8.852 6.65025
-5.1025 2.282166666666667
-2.7510000000000003 6.714727272727273
-1.6505 2.8034999999999997
-1.07625 9.077499999999999
-9.1358 6.5964
-2.9593333333333334 2.4053333333333335
-2.923714285714286 6.706285714285714
-2.27825 6.737833333333334
-4.9590000000000005 2.283333333333333
-1.1 7.981714285714285
-6.105833333333334 2.281
-1.0766666666666667 8.979999999999999
-1.165 4.9656666666666665
-2.071375 6.73325
-1.0766666666666667 8.979999999999999
-1.0766666666666667 8.979999999999999
-1.1949999999999998 5.933
-2.1609 3.2049
-1.1475 4.1665
-1.2128571428571429 6.460857142857143
-1.1485714285714286 4.215428571428571
-1.07875 8.4925
-1.1360000000000001 7.588799999999999
-1.192 6.9776
-1.7065000000000001 6.707
-1.3973333333333333 5.538
-1.1111111111111112 7.860444444444443
-9.586500000000001 2.97775
-1.0955555555555556 8.030222222222221
-1.115 7.818
-2.1323749999999997 5.2684999999999995
-2.581714285714286 5.4319999999999995
-1.8861818181818182 3.146181818181818
