-1.0757142857142856 9.202857142857143
-1.0764285714285715 9.035714285714285
-1.0771428571428572 8.868571428571428
-1.0778571428571428 8.70142857142857
-1.0785714285714285 8.534285714285714
-1.0792857142857144 8.367142857142856
-1.108 7.894399999999999
-1.1360000000000001 7.588799999999999
-1.164 7.283199999999999
-1.192 6.9776
-1.3821666666666665 6.683666666666666
-1.5443333333333333 6.695333333333333
-1.7065000000000001 6.707
-1.8686666666666667 6.718666666666667
-2.0308333333333333 6.730333333333333
-2.189294117647059 6.666529411764706
-2.1855882352941176 6.591058823529412
-2.1818823529411766 6.515588235294118
-2.178176470588235 6.440117647058823
-2.174470588235294 6.364647058823529
-2.170764705882353 6.289176470588235
-2.1670588235294117 6.213705882352941
-2.1633529411764707 6.138235294117647
-2.1596470588235293 6.062764705882353
-2.1559411764705882 5.987294117647059
-2.152235294117647 5.911823529411764
-2.148529411764706 5.83635294117647
-2.144823529411765 5.760882352941176
-2.1411176470588233 5.685411764705882
-2.1374117647058823 5.609941176470588
-2.133705882352941 5.534470588235294
-2.1315833333333334 5.332
-2.1331666666666664 5.205
-2.13475 5.077999999999999
-2.1363333333333334 4.951
-2.1379166666666665 4.824
-2.1395 4.697
-2.1410833333333334 4.57
-2.1426666666666665 4.443
-2.14425 4.316
-2.1458333333333335 4.189
-2.1474166666666665 4.061999999999999
-2.15325 3.67425
-2.1574999999999998 3.4135
-2.16175 3.15275
-2.166 2.718
-2.166 2.544
-2.5626666666666664 2.3876666666666666
-2.9593333333333334 2.4053333333333335
-3.699 2.378
-4.042 2.3329999999999997
-4.8155 2.2845
-5.4805 2.281
-5.715 2.281
-5.9495000000000005 2.281
-6.472 2.2745
-6.76 2.268
-7.048 2.2615
-7.698666666666667 2.272
-8.061333333333334 2.289
-8.423333333333334 2.598
-8.422666666666666 2.89
-8.419 3.534666666666667
-8.416 3.8873333333333333
-8.3994 4.4486
-8.3858 4.6572000000000005
-8.372200000000001 4.8658
-8.358600000000001 5.074400000000001
-8.3535 5.6472500000000005
-8.362 6.0115
-8.3705 6.37575
-8.5795 7.355
-8.78 8.361
-8.78 8.752
-8.78 9.143
-1.075 9.37
-1.075625 9.223749999999999
-1.07625 9.077499999999999
-1.076875 8.931249999999999
-1.0775000000000001 8.785
-1.078125 8.63875
-1.07875 8.4925
-1.079375 8.34625
-1.08875 8.1045
-1.0975000000000001 8.008999999999999
-1.10625 7.913499999999999
-1.115 7.818
-1.12375 7.722499999999999
-1.1325 7.627
-1.14125 7.531499999999999
-1.15 7.436
-1.15875 7.3405
-1.1675 7.244999999999999
-1.17625 7.1495
-1.185 7.053999999999999
-1.19375 6.9585
-1.2025 6.8629999999999995
-1.21125 6.7675
-1.2808125 6.676375
-1.341625 6.68075
-1.4024375 6.685124999999999
-1.46325 6.6895
-1.5240624999999999 6.693875
-1.584875 6.69825
-1.6456875 6.702624999999999
-1.7065000000000001 6.707
-1.7673125 6.711375
-1.828125 6.71575
-1.8889375 6.7201249999999995
-1.94975 6.7245
-2.0105625 6.728875
-2.071375 6.73325
-2.1321875 6.7376249999999995
-2.19 6.6809047619047615
-2.187 6.619809523809524
-2.184 6.558714285714285
-2.181 6.497619047619048
-2.178 6.436523809523809
-2.175 6.3754285714285714
-2.172 6.314333333333333
-2.169 6.253238095238095
-2.166 6.192142857142857
-2.163 6.131047619047619
-2.16 6.0699523809523805
-2.157 6.008857142857143
-2.154 5.947761904761904
-2.151 5.886666666666667
-2.148 5.825571428571428
-2.145 5.7644761904761905
-2.142 5.703380952380952
-2.139 5.642285714285714
-2.136 5.581190476190476
-2.133 5.520095238095237
-1.9928571428571427 5.421142857142857
-1.8557142857142856 5.383285714285714
-1.7185714285714284 5.345428571428571
-1.5814285714285714 5.307571428571428
-1.4442857142857142 5.269714285714286
-1.307142857142857 5.231857142857143
-1.1666666666666665 5.041777777777778
-1.1633333333333333 4.889555555555556
-1.16 4.737333333333333
-1.1566666666666665 4.585111111111111
-1.1533333333333333 4.432888888888889
-1.15 4.280666666666667
-1.1466666666666665 4.128444444444444
-1.1433333333333333 3.976222222222222
-1.266125 3.837875
-1.39225 3.85175
-1.5183749999999998 3.865625
-1.6444999999999999 3.8795
-1.770625 3.893375
-1.89675 3.90725
-2.022875 3.921125
-2.1507 3.8307
-2.1524 3.7264
-2.1541 3.6221
-2.1558 3.5178
-2.1574999999999998 3.4135
-2.1592 3.3091999999999997
-2.1609 3.2049
-2.1626 3.1006
-2.1643 2.9962999999999997
-2.037125 2.869875
-1.90825 2.84775
-1.779375 2.825625
-1.6505 2.8034999999999997
-1.521625 2.7813749999999997
-1.39275 2.7592499999999998
-1.263875 2.737125
-1.1291428571428572 2.6727142857142856
-1.1232857142857142 2.6304285714285713
-1.1174285714285714 2.588142857142857
-1.1115714285714287 2.545857142857143
-1.1057142857142859 2.5035714285714286
-1.0998571428571429 2.4612857142857143
-1.228 2.412875
-1.362 2.40675
-1.496 2.4006250000000002
-1.63 2.3945
-1.764 2.388375
-1.898 2.38225
-2.032 2.376125
-2.336 2.3775714285714287
-2.506 2.3851428571428572
-2.676 2.392714285714286
-2.846 2.4002857142857144
-3.016 2.407857142857143
-3.186 2.4154285714285715
-3.356 2.423
-3.3517142857142854 2.315857142857143
-3.3474285714285714 2.2087142857142856
-3.343142857142857 2.101571428571429
-3.338857142857143 1.9944285714285714
-3.3345714285714285 1.8872857142857145
-3.3302857142857145 1.7801428571428572
-3.448 1.6623333333333334
-3.5700000000000003 1.6516666666666666
-3.692 1.641
-3.814 1.6303333333333334
-3.9360000000000004 1.6196666666666666
-4.058 1.609
-4.180000000000001 1.5983333333333334
-4.3020000000000005 1.5876666666666666
-4.418428571428572 1.6785714285714286
-4.412857142857143 1.780142857142857
-4.407285714285714 1.8817142857142857
-4.401714285714286 1.983285714285714
-4.396142857142857 2.0848571428571425
-4.390571428571429 2.1864285714285714
-4.396857142857143 2.400142857142857
-4.408714285714286 2.512285714285714
-4.420571428571429 2.624428571428571
-4.432428571428571 2.7365714285714287
-4.444285714285714 2.8487142857142858
-4.456142857142857 2.960857142857143
-4.5494 3.0796
-4.6308 3.0862
-4.7122 3.0928
-4.7936 3.0993999999999997
-4.875 3.106
-4.9564 3.1126
-5.0378 3.1191999999999998
-5.1192 3.1258
-5.2006 3.1323999999999996
-5.276857142857143 3.0164285714285715
-5.271714285714286 2.8938571428571427
-5.266571428571429 2.7712857142857144
-5.261428571428572 2.6487142857142856
-5.256285714285714 2.5261428571428572
-5.251142857142858 2.4035714285714285
-5.251714285714286 2.1725714285714286
-5.257428571428572 2.064142857142857
-5.263142857142857 1.9557142857142857
-5.268857142857143 1.8472857142857144
-5.274571428571428 1.7388571428571429
-5.280285714285714 1.6304285714285713
-5.4285 1.5213333333333334
-5.571 1.5206666666666666
-5.7135 1.52
-5.856 1.5193333333333334
-5.9985 1.5186666666666666
-6.286 1.5075
-6.431 1.4969999999999999
-6.5760000000000005 1.4865
-6.721 1.476
-6.866 1.4655
-7.011 1.455
-7.156000000000001 1.4445
-7.301 1.434
-7.301 1.434
-7.301 1.434
-7.426222222222222 1.4276666666666666
-7.551444444444445 1.4213333333333333
-7.676666666666667 1.415
-7.8018888888888895 1.4086666666666667
-7.927111111111111 1.4023333333333332
-8.052333333333333 1.396
-8.177555555555557 1.3896666666666666
-8.302777777777779 1.3833333333333333
-8.556000000000001 1.3835555555555556
-8.684000000000001 1.390111111111111
-8.812000000000001 1.3966666666666667
-8.940000000000001 1.4032222222222221
-9.068 1.4097777777777778
-9.196 1.4163333333333332
-9.324 1.4228888888888889
-9.452 1.4294444444444443
-9.5769 1.5181
-9.5738 1.6002
-9.5707 1.6823000000000001
-9.5676 1.7644
-9.564499999999999 1.8465
-9.561399999999999 1.9286
-9.5583 2.0107
-9.5552 2.0928
-9.5521 2.1749
-9.556142857142857 2.3942857142857146
-9.563285714285714 2.5315714285714286
-9.570428571428572 2.668857142857143
-9.577571428571428 2.806142857142857
-9.584714285714286 2.9434285714285715
-9.591857142857142 3.0807142857142855
-9.594285714285714 3.362142857142857
-9.589571428571428 3.5062857142857142
-9.584857142857143 3.6504285714285714
-9.580142857142858 3.7945714285714285
-9.575428571428573 3.938714285714286
-9.570714285714287 4.082857142857143
-9.56 4.3333
-9.554 4.4396
-9.548 4.5459000000000005
-9.542 4.652200000000001
-9.536000000000001 4.7585
-9.530000000000001 4.864800000000001
-9.524000000000001 4.9711
-9.518 5.0774
-9.512 5.1837
-9.591000000000001 5.411222222222222
-9.676 5.532444444444445
-9.761000000000001 5.653666666666667
-9.846 5.774888888888889
-9.931000000000001 5.896111111111111
-10.016 6.017333333333333
-10.101 6.1385555555555555
-10.186 6.259777777777778
-10.271 6.381
-10.060777777777778 6.420888888888889
-9.850555555555555 6.460777777777778
-9.640333333333334 6.500666666666667
-9.430111111111112 6.540555555555556
-9.219888888888889 6.580444444444445
-9.009666666666666 6.620333333333334
-8.799444444444443 6.660222222222222
-8.589222222222222 6.700111111111111
-8.436285714285713 6.9157142857142855
-8.493571428571428 7.091428571428572
-8.550857142857142 7.267142857142857
-8.608142857142857 7.442857142857143
-8.66542857142857 7.618571428571428
-8.722714285714286 7.794285714285714
-8.78 8.100333333333333
-8.78 8.230666666666666
-8.78 8.361
-8.78 8.491333333333333
-8.78 8.621666666666666
-8.78 8.752
-8.78 8.882333333333333
-8.78 9.012666666666668
-8.78 9.052769230769231
-8.78 8.962538461538463
-8.78 8.872307692307693
-8.78 8.782076923076923
-8.78 8.691846153846154
-8.78 8.601615384615386
-8.78 8.511384615384616
-8.78 8.421153846153846
-8.78 8.330923076923076
-8.78 8.240692307692308
-8.78 8.150461538461538
-8.78 8.060230769230769
-8.729875 7.81625
-8.679749999999999 7.6625
-8.629624999999999 7.50875
-8.5795 7.355
-8.529375 7.20125
-8.47925 7.0475
-8.429124999999999 6.893750000000001
-8.23425 6.74075
-8.0895 6.7415
-7.94475 6.74225
-7.8 6.743
-7.65525 6.74375
-7.5105 6.7445
-7.36575 6.74525
-7.085285714285714 6.735285714285714
-6.949571428571429 6.724571428571429
-6.813857142857143 6.713857142857143
-6.678142857142857 6.703142857142858
-6.542428571428571 6.692428571428572
-6.406714285714286 6.681714285714286
-6.271 6.671
-6.264285714285714 6.513428571428571
-6.257571428571429 6.355857142857143
-6.250857142857143 6.198285714285714
-6.244142857142857 6.0407142857142855
-6.2374285714285715 5.883142857142857
-6.230714285714286 5.7255714285714285
-6.224 5.568
-6.224 5.568
-6.368428571428572 5.554714285714286
-6.512857142857143 5.541428571428571
-6.657285714285715 5.528142857142857
-6.801714285714286 5.514857142857142
-6.946142857142857 5.501571428571428
-7.090571428571429 5.4882857142857135
-7.37375 5.451
-7.5125 5.427
-7.65125 5.403
-7.790000000000001 5.379
-7.928750000000001 5.355
-8.0675 5.331
-8.20625 5.307
-8.348238095238095 5.233333333333333
-8.351476190476191 5.183666666666667
-8.354714285714286 5.134
-8.357952380952382 5.084333333333333
-8.361190476190476 5.034666666666667
-8.364428571428572 4.985
-8.367666666666667 4.935333333333333
-8.370904761904763 4.885666666666667
-8.374142857142857 4.836
-8.377380952380953 4.786333333333333
-8.380619047619048 4.736666666666667
-8.383857142857144 4.687
-8.387095238095238 4.637333333333333
-8.390333333333334 4.587666666666667
-8.393571428571429 4.538
-8.396809523809525 4.488333333333333
-8.40004761904762 4.438666666666667
-8.403285714285715 4.389
-8.40652380952381 4.339333333333333
-8.409761904761906 4.289666666666667
-8.413 4.24
-8.41375 4.151833333333333
-8.4145 4.063666666666667
-8.41525 3.9755000000000003
-8.416 3.8873333333333333
-8.41675 3.799166666666667
-8.4175 3.7110000000000003
-8.41825 3.6228333333333333
-8.419 3.534666666666667
-8.41975 3.4465
-8.4205 3.3583333333333334
-8.42125 3.2701666666666664
-8.422285714285715 3.056857142857143
-8.422571428571429 2.9317142857142855
-8.422857142857143 2.8065714285714285
-8.423142857142857 2.6814285714285715
-8.423428571428571 2.556285714285714
-8.423714285714285 2.431142857142857
-8.288 2.299625
-8.152 2.29325
-8.016 2.286875
-7.88 2.2805
-7.744 2.2741249999999997
-7.6080000000000005 2.26775
-7.472 2.261375
-7.208 2.2578888888888886
-7.08 2.2607777777777778
-6.952 2.2636666666666665
-6.824 2.2665555555555557
-6.696000000000001 2.2694444444444444
-6.5680000000000005 2.2723333333333335
-6.44 2.2752222222222223
-6.312 2.2781111111111114
-6.06675 2.281
-5.9495000000000005 2.281
-5.83225 2.281
-5.715 2.281
-5.5977500000000004 2.281
-5.4805 2.281
-5.363250000000001 2.281
-5.150333333333334 2.2817777777777777
-5.054666666666667 2.2825555555555557
-4.9590000000000005 2.283333333333333
-4.863333333333333 2.284111111111111
-4.767666666666667 2.2848888888888887
-4.672 2.2856666666666667
-4.576333333333333 2.2864444444444443
-4.480666666666666 2.2872222222222223
-4.270666666666666 2.303
-4.156333333333333 2.318
-4.042 2.3329999999999997
-3.9276666666666666 2.348
-3.813333333333333 2.363
-3.699 2.378
-3.5846666666666662 2.393
-3.470333333333333 2.408
-3.186 2.4154285714285715
-3.016 2.407857142857143
-2.846 2.4002857142857144
-2.676 2.392714285714286
-2.5060000000000002 2.3851428571428572
-2.336 2.3775714285714287
-2.166 2.444571428571429
-2.166 2.519142857142857
-2.166 2.593714285714286
-2.166 2.668285714285714
-2.166 2.742857142857143
-2.166 2.817428571428571
-2.1635714285714287 3.041
-2.161142857142857 3.19
-2.158714285714286 3.339
-2.156285714285714 3.488
-2.153857142857143 3.637
-2.1514285714285712 3.786
-2.146888888888889 4.104333333333333
-2.1447777777777777 4.273666666666666
-2.1426666666666665 4.443
-2.1405555555555553 4.612333333333333
-2.1384444444444446 4.781666666666666
-2.1363333333333334 4.951
-2.1342222222222222 5.120333333333333
-2.132111111111111 5.289666666666666
-2.2354 5.4527
-2.3407999999999998 5.4464
-2.4462 5.440099999999999
-2.5516 5.4338
-2.657 5.4275
-2.7624 5.4212
-2.8678 5.414899999999999
-2.9732000000000003 5.4086
-3.0786000000000002 5.4023
-3.188 5.558
-3.192 5.72
-3.196 5.882
-3.2 6.0440000000000005
-3.204 6.206
-3.208 6.368
-3.212 6.53
-3.0881250000000002 6.69825
-2.9602500000000003 6.7045
-2.8323750000000003 6.71075
-2.7045000000000003 6.7170000000000005
-2.576625 6.72325
-2.44875 6.7295
-2.320875 6.73575
-2.0540000000000003 6.732
-1.915 6.7219999999999995
-1.776 6.712
-1.637 6.702
-1.498 6.692
-1.359 6.6819999999999995
-1.2025 6.8629999999999995
-1.185 7.053999999999999
-1.1675 7.244999999999999
-1.15 7.436
-1.1325 7.627
-1.115 7.818
-1.0975000000000001 8.009
-1.0792857142857144 8.367142857142856
-1.0785714285714285 8.534285714285714
-1.0778571428571428 8.70142857142857
-1.0771428571428572 8.868571428571428
-1.0764285714285715 9.035714285714285
-1.0757142857142856 9.202857142857141
-1.2170588235294117 6.585058823529412
-1.2141176470588235 6.498117647058823
-1.2111764705882353 6.411176470588235
-1.208235294117647 6.3242352941176465
-1.2052941176470588 6.237294117647059
-1.2023529411764706 6.15035294117647
-1.1994117647058824 6.063411764705882
-1.1964705882352942 5.976470588235294
-1.1935294117647057 5.8895294117647055
-1.1905882352941175 5.802588235294118
-1.1876470588235293 5.71564705882353
-1.184705882352941 5.628705882352941
-1.1817647058823528 5.541764705882353
-1.1788235294117646 5.454823529411764
-1.1758823529411764 5.3678823529411765
-1.1729411764705882 5.280941176470588
-1.1666666666666665 5.041777777777778
-1.1633333333333333 4.889555555555556
-1.16 4.737333333333333
-1.1566666666666665 4.585111111111111
-1.1533333333333333 4.432888888888889
-1.15 4.280666666666667
-1.1466666666666665 4.128444444444444
-1.1433333333333333 3.976222222222222
-1.1393749999999998 3.6853749999999996
-1.13875 3.54675
-1.138125 3.408125
-1.1375 3.2695
-1.1368749999999999 3.1308749999999996
-1.13625 2.99225
-1.135625 2.853625
-1.2387000000000001 2.6181
-1.3424 2.5212
-1.4461 2.4242999999999997
-1.5498 2.3274
-1.6535000000000002 2.2305
-1.7572 2.1336
-1.8609 2.0366999999999997
-1.9646000000000001 1.9398
-2.0683000000000002 1.8429
-2.2612857142857146 1.8405714285714285
-2.3505714285714285 1.935142857142857
-2.439857142857143 2.029714285714286
-2.5291428571428574 2.124285714285714
-2.6184285714285718 2.218857142857143
-2.7077142857142857 2.313428571428571
-2.797 2.408
-2.8862857142857146 2.5025714285714287
-2.9755714285714285 2.597142857142857
-3.064857142857143 2.6917142857142853
-3.1541428571428574 2.786285714285714
-3.2434285714285718 2.880857142857143
-3.332714285714286 2.975428571428571
-3.5183 2.9918
-3.6146000000000003 2.9135999999999997
-3.7109 2.8354
-3.8072 2.7571999999999997
-3.9035 2.679
-3.9998 2.6007999999999996
-4.0961 2.5225999999999997
-4.1924 2.4444
-4.2886999999999995 2.3661999999999996
-4.492625 2.2871249999999996
-4.60025 2.28625
-4.707875 2.285375
-4.8155 2.2845
-4.923125000000001 2.283625
-5.03075 2.28275
-5.138375 2.2818750000000003
-5.380000000000001 2.281
-5.514 2.281
-5.648000000000001 2.281
-5.782 2.281
-5.916 2.281
-6.05 2.281
-6.328 2.27775
-6.472 2.2745
-6.6160000000000005 2.27125
-6.76 2.268
-6.904 2.26475
-7.048 2.2615
-7.192 2.25825
-7.472 2.261375
-7.6080000000000005 2.26775
-7.744 2.2741249999999997
-7.88 2.2805
-8.016 2.286875
-8.152 2.29325
-8.288 2.299625
-8.42375 2.4155
-8.4235 2.525
-8.42325 2.6345
-8.423 2.7439999999999998
-8.42275 2.8535
-8.4225 2.963
-8.42225 3.0725
-8.421000000000001 3.2995555555555556
-8.42 3.417111111111111
-8.419 3.534666666666667
-8.418000000000001 3.652222222222222
-8.417 3.7697777777777777
-8.416 3.8873333333333333
-8.415000000000001 4.004888888888889
-8.414 4.122444444444445
-8.405444444444445 4.355888888888889
-8.39788888888889 4.471777777777778
-8.390333333333334 4.587666666666667
-8.382777777777779 4.703555555555556
-8.375222222222222 4.819444444444445
-8.367666666666667 4.935333333333333
-8.360111111111111 5.051222222222222
-8.352555555555556 5.167111111111112
-8.234 5.3022
-8.123000000000001 5.321400000000001
-8.012 5.3406
-7.901000000000001 5.3598
-7.790000000000001 5.379
-7.679 5.3982
-7.5680000000000005 5.4174
-7.457000000000001 5.436599999999999
-7.346 5.4558
-7.122666666666667 5.485333333333333
-7.0103333333333335 5.495666666666667
-6.898000000000001 5.505999999999999
-6.785666666666667 5.516333333333333
-6.673333333333334 5.526666666666666
-6.561 5.537
-6.448666666666667 5.547333333333333
-6.336333333333334 5.557666666666666
-6.2287 5.6783
-6.2334000000000005 5.7886
-6.2381 5.898899999999999
-6.2428 6.0092
-6.2475000000000005 6.1195
-6.2522 6.2298
-6.2569 6.3401
-6.2616 6.4504
-6.2663 6.560700000000001
-6.38975 6.680375000000001
-6.5085 6.68975
-6.62725 6.699125
-6.746 6.708500000000001
-6.86475 6.717875
-6.9835 6.727250000000001
-7.10225 6.736625
-7.36575 6.74525
-7.5105 6.7445
-7.65525 6.74375
-7.8 6.743
-7.94475 6.74225
-8.0895 6.7415
-8.23425 6.74075
-8.429124999999999 6.89375
-8.47925 7.0475
-8.529375 7.20125
-8.5795 7.355
-8.629624999999999 7.50875
-8.679749999999999 7.6625
-8.729875 7.81625
-8.78 8.100333333333333
-8.78 8.230666666666666
-8.78 8.361
-8.78 8.491333333333333
-8.78 8.621666666666666
-8.78 8.752
-8.78 8.882333333333333
-8.78 9.012666666666668
-8.78 8.996375
-8.78 8.84975
-8.78 8.703125
-8.78 8.5565
-8.78 8.409875
-8.78 8.26325
-8.78 8.116624999999999
-8.729875 7.81625
-8.679749999999999 7.6625
-8.629624999999999 7.50875
-8.5795 7.355
-8.529375 7.20125
-8.47925 7.0475
-8.429124999999999 6.893750000000001
-8.4917 6.595000000000001
-8.6044 6.45
-8.7171 6.305
-8.8298 6.16
-8.942499999999999 6.015000000000001
-9.0552 5.87
-9.1679 5.725
-9.2806 5.58
-9.3933 5.4350000000000005
-9.51457142857143 5.138142857142857
-9.523142857142858 4.986285714285715
-9.531714285714287 4.834428571428571
-9.540285714285714 4.682571428571428
-9.548857142857143 4.530714285714286
-9.557428571428572 4.378857142857143
-9.43888888888889 4.110888888888889
-9.31177777777778 3.994777777777778
-9.184666666666667 3.8786666666666667
-9.057555555555556 3.7625555555555557
-8.930444444444445 3.6464444444444446
-8.803333333333335 3.5303333333333335
-8.676222222222222 3.4142222222222225
-8.549111111111111 3.298111111111111
-8.28625 3.066125
-8.150500000000001 2.95025
-8.014750000000001 2.834375
-7.8790000000000004 2.7184999999999997
-7.743250000000001 2.6026249999999997
-7.6075 2.48675
-7.47175 2.370875
-7.192 2.25825
-7.048 2.2615
-6.904 2.26475
-6.76 2.268
-6.6160000000000005 2.27125
-6.472 2.2745
-6.328 2.27775
-6.111846153846154 2.281
-6.039692307692308 2.281
-5.967538461538462 2.281
-5.895384615384615 2.281
-5.823230769230769 2.281
-5.751076923076924 2.281
-5.678923076923077 2.281
-5.606769230769231 2.281
-5.534615384615385 2.281
-5.462461538461539 2.281
-5.390307692307693 2.281
-5.318153846153846 2.281
-5.1025 2.282166666666667
-4.9590000000000005 2.283333333333333
-4.8155 2.2845
-4.672 2.2856666666666667
-4.5285 2.286833333333333
-4.2379999999999995 2.307285714285714
-4.091 2.3265714285714285
-3.944 2.3458571428571426
-3.7969999999999997 2.365142857142857
-3.65 2.3844285714285713
-3.503 2.403714285714286
-3.223777777777778 2.417111111111111
-3.0915555555555554 2.4112222222222224
-2.9593333333333334 2.4053333333333335
-2.827111111111111 2.3994444444444447
-2.694888888888889 2.3935555555555554
-2.562666666666667 2.3876666666666666
-2.4304444444444444 2.3817777777777778
-2.298222222222222 2.375888888888889
-2.032 2.376125
-1.898 2.38225
-1.764 2.388375
-1.63 2.3945
-1.496 2.4006250000000002
-1.362 2.40675
-1.2280000000000002 2.412875
-1.1022 2.4782
-1.1104 2.5374
-1.1186 2.5966
-1.1268 2.6557999999999997
-1.1357142857142857 2.873428571428571
-1.1364285714285713 3.0318571428571426
-1.137142857142857 3.190285714285714
-1.137857142857143 3.3487142857142853
-1.1385714285714286 3.507142857142857
-1.1392857142857142 3.6655714285714285
-1.1437499999999998 3.99525
-1.1475 4.1665
-1.1512499999999999 4.33775
-1.1549999999999998 4.509
-1.15875 4.68025
-1.1624999999999999 4.8515
-1.16625 5.02275
-1.17625 5.37875
-1.1824999999999999 5.5634999999999994
-1.18875 5.74825
-1.1949999999999998 5.933
-1.20125 6.11775
-1.2075 6.3025
-1.2137499999999999 6.4872499999999995
-1.22 6.672
-2.9732000000000003 5.4086
-2.7624 5.4212
-2.5516 5.4338
-2.3407999999999998 5.4464
-2.1331666666666664 5.205
-2.1363333333333334 4.951
-2.1395 4.697
-2.1426666666666665 4.443
-2.1458333333333335 4.189
-2.1524 3.7264
-2.1558 3.5178
-2.1592 3.3091999999999997
-2.1626 3.1006
-2.3753333333333333 2.9216666666666664
-2.5846666666666667 2.9513333333333334
-2.794 2.981
-3.212666666666667 3.0403333333333333
-3.5714285714285716 3.0704285714285713
-3.720857142857143 3.0708571428571427
-3.8702857142857146 3.071285714285714
-4.019714285714286 3.0717142857142856
-4.3185714285714285 3.0725714285714285
-4.603666666666666 3.084
-4.739333333333334 3.0949999999999998
-4.875 3.106
-5.010666666666666 3.117
-5.146333333333334 3.1279999999999997
-5.273 2.9245
-5.264 2.71
-5.255000000000001 2.4955
-5.558666666666667 2.281
-5.715 2.281
-5.871333333333333 2.281
-6.027666666666667 2.281
-6.376 2.276666666666667
-6.5680000000000005 2.2723333333333335
-6.952 2.2636666666666665
-7.144 2.259333333333333
-7.6080000000000005 2.26775
-7.88 2.2805
-8.152 2.29325
-8.584714285714286 2.299
-8.74542857142857 2.2920000000000003
-8.906142857142857 2.285
-9.227571428571428 2.271
-9.388285714285715 2.2640000000000002
-9.557333333333332 2.4171666666666667
-9.565666666666667 2.5773333333333333
-9.574 2.7375
-9.5935 3.3861666666666665
-9.588000000000001 3.5543333333333336
-9.5825 3.7225
-9.577 3.8906666666666667
-9.5715 4.058833333333333
-9.557428571428572 4.378857142857143
-9.548857142857143 4.530714285714286
-9.540285714285714 4.682571428571428
-9.531714285714287 4.834428571428572
-9.523142857142858 4.986285714285715
-9.51457142857143 5.138142857142857
-9.615285714285715 5.445857142857143
-9.724571428571428 5.601714285714285
-9.833857142857143 5.757571428571429
-9.943142857142858 5.913428571428572
-10.052428571428573 6.069285714285715
-10.161714285714286 6.225142857142857
-10.034500000000001 6.4258750000000004
-9.798 6.470750000000001
-9.5615 6.515625
-9.325 6.5605
-9.0885 6.605375
-8.852 6.65025
-8.615499999999999 6.695125
-8.213571428571429 6.740857142857143
-8.048142857142857 6.741714285714286
-7.882714285714286 6.742571428571429
-7.7172857142857145 6.743428571428572
-7.551857142857143 6.744285714285715
-7.386428571428572 6.7451428571428576
-7.031 6.731000000000001
-6.841 6.716
-6.651 6.7010000000000005
-6.461 6.686
-6.264285714285714 6.513428571428571
-6.257571428571429 6.355857142857143
-6.250857142857143 6.198285714285714
-6.244142857142857 6.0407142857142855
-6.2374285714285715 5.883142857142857
-6.230714285714286 5.7255714285714285
-6.336333333333333 5.557666666666666
-6.448666666666667 5.547333333333333
-6.561 5.537
-6.673333333333334 5.526666666666666
-6.785666666666667 5.516333333333333
-6.898000000000001 5.505999999999999
-7.0103333333333335 5.495666666666667
-7.122666666666667 5.485333333333333
-7.5125 5.427
-7.790000000000001 5.379
-8.0675 5.331
-8.349857142857143 5.491142857142857
-8.354714285714286 5.699285714285715
-8.359571428571428 5.9074285714285715
-8.364428571428572 6.115571428571429
-8.369285714285715 6.323714285714286
-8.374142857142857 6.5318571428571435
-8.423555555555556 6.876666666666667
-8.46811111111111 7.013333333333334
-8.512666666666666 7.15
-8.557222222222222 7.286666666666667
-8.601777777777777 7.423333333333333
-8.646333333333333 7.56
-8.690888888888889 7.696666666666666
-8.735444444444443 7.833333333333333
-8.78 8.361
-8.78 8.752
-8.78 8.975428571428573
-8.78 8.807857142857143
-8.78 8.640285714285714
-8.78 8.472714285714286
-8.78 8.305142857142858
-8.78 8.137571428571428
-8.6998 7.724
-8.6196 7.478
-8.539399999999999 7.232
-8.4592 6.986
-8.3722 6.4486
-8.3654 6.1572000000000005
-8.358600000000001 5.8658
-8.3518 5.574400000000001
-8.358600000000001 5.074400000000001
-8.372200000000001 4.8658
-8.3858 4.6572000000000005
-8.3994 4.4486
-8.41525 3.9755000000000003
-8.4175 3.7110000000000003
-8.41975 3.4465
-8.4225 2.963
-8.423 2.7439999999999998
-8.4235 2.525
-8.425 2.07375
-8.426 1.8415
-8.427 1.60925
-8.267000000000001 1.3851428571428572
-8.106 1.3932857142857142
-7.945 1.4014285714285715
-7.784000000000001 1.4095714285714285
-7.623 1.4177142857142857
-7.462000000000001 1.4258571428571427
-7.069 1.4507999999999999
-6.837 1.4676
-6.605 1.4844
-6.373 1.5012
-5.97 1.5188
-5.7989999999999995 1.5196
-5.628 1.5204
-5.457 1.5212
-5.0705 1.53575
-4.855 1.5495
-4.6395 1.56325
-4.41425 1.75475
-4.4045000000000005 1.9324999999999999
-4.39475 2.1102499999999997
-4.492625 2.2871249999999996
-4.60025 2.28625
-4.707875 2.285375
-4.8155 2.2845
-4.923125000000001 2.283625
-5.03075 2.28275
-5.138375 2.2818750000000003
-5.558666666666667 2.281
-5.871333333333333 2.281
-6.376 2.276666666666667
-6.5680000000000005 2.2723333333333335
-6.76 2.268
-6.952 2.2636666666666665
-7.144 2.259333333333333
-7.5536 2.2652
-7.7712 2.2754
-7.9887999999999995 2.2856
-8.2064 2.2958
-8.70525 2.29375
-8.9865 2.2815000000000003
-9.26775 2.26925
-9.556142857142857 2.3942857142857146
-9.563285714285714 2.5315714285714286
-9.577571428571428 2.806142857142857
-9.584714285714286 2.9434285714285715
-9.591857142857142 3.0807142857142855
-9.59075 3.47025
-9.5825 3.7225
-9.574250000000001 3.9747500000000002
-9.557428571428572 4.378857142857143
-9.548857142857143 4.530714285714286
-9.540285714285714 4.682571428571428
-9.531714285714287 4.834428571428572
-9.523142857142858 4.986285714285715
-9.51457142857143 5.138142857142857
-9.5825 5.3991
-9.7355 5.6173
-9.812000000000001 5.7264
-9.8885 5.8355
-9.965 5.9446
-10.041500000000001 6.0537
-10.118 6.1628
-10.194500000000001 6.2719000000000005
-10.034500000000001 6.4258750000000004
-9.798 6.470750000000001
-9.5615 6.515625
-9.325 6.5605
-9.0885 6.605375
-8.852 6.65025
-8.615499999999999 6.695125
-8.1474 6.7412
-7.9158 6.7424
-7.6842 6.743600000000001
-7.4526 6.744800000000001
-7.031 6.731000000000001
-6.841 6.716
-6.651 6.7010000000000005
-6.461 6.686
-6.263166666666667 6.487166666666667
-6.255333333333334 6.303333333333334
-6.2475000000000005 6.1195
-6.2396666666666665 5.935666666666666
-6.231833333333333 5.751833333333333
-6.3925 5.552499999999999
-6.561 5.537
-6.7295 5.5215
-6.898000000000001 5.505999999999999
-7.0665000000000004 5.4905
-7.457000000000001 5.436599999999999
-7.679 5.3982
-7.901000000000001 5.3598
-8.123000000000001 5.321400000000001
-8.577200000000001 5.284400000000001
-8.8094 5.2858
-9.0416 5.2872
-9.2738 5.2886
-9.51457142857143 5.138142857142857
-9.523142857142858 4.986285714285715
-9.531714285714287 4.834428571428571
-9.540285714285714 4.682571428571428
-9.548857142857143 4.530714285714286
-9.572600000000001 4.0252
-9.5792 3.8234000000000004
-9.5858 3.6216
-9.5924 3.4198
-9.589 3.0258
-9.579 2.8336
-9.559 2.4492000000000003
-9.323599999999999 2.442
-9.0982 2.6270000000000002
-8.8728 2.8120000000000003
-8.647400000000001 2.997
-8.4193 3.4994
-8.4184 3.6052
-8.4175 3.7110000000000003
-8.4166 3.8168
-8.415700000000001 3.9226
-8.4148 4.0284
-8.4139 4.1342
-8.396 4.50075
-8.379000000000001 4.7615
-8.362 5.0222500000000005
-8.350666666666667 5.525833333333334
-8.356333333333334 5.768666666666667
-8.362 6.0115
-8.367666666666667 6.254333333333333
-8.373333333333333 6.497166666666667
-8.186 6.7410000000000005
-7.992999999999999 6.742
-7.8 6.743
-7.607 6.744000000000001
-7.414 6.745
-7.2238 6.4918000000000005
-7.2266 6.2376000000000005
-7.2294 5.9834
-7.232200000000001 5.7292
-7.42 5.443
-7.605 5.411
-7.790000000000001 5.379
-8.16 5.315
-8.348777777777778 5.444888888888889
-8.352555555555556 5.606777777777778
-8.356333333333334 5.768666666666667
-8.360111111111111 5.930555555555555
-8.363888888888889 6.092444444444444
-8.367666666666667 6.254333333333333
-8.371444444444444 6.416222222222222
-8.375222222222222 6.578111111111111
-8.413 4.24
-8.401666666666667 4.413833333333334
-8.390333333333334 4.587666666666667
-8.379000000000001 4.7615
-8.367666666666667 4.935333333333333
-8.356333333333334 5.109166666666667
-8.221666666666668 5.304333333333334
-8.098333333333334 5.325666666666667
-7.9750000000000005 5.347
-7.8516666666666675 5.368333333333333
-7.7283333333333335 5.389666666666667
-7.605 5.411
-7.481666666666667 5.432333333333333
-7.358333333333333 5.453666666666666
-7.090571428571429 5.4882857142857135
-6.946142857142857 5.501571428571428
-6.8017142857142865 5.514857142857142
-6.657285714285715 5.528142857142857
-6.512857142857143 5.541428571428571
-6.368428571428572 5.554714285714286
-6.229875 5.705875
-6.23575 5.84375
-6.241625 5.981625
-6.2475000000000005 6.1195
-6.253375 6.257375
-6.25925 6.39525
-6.265125 6.533125
-6.38975 6.680375000000001
-6.5085 6.68975
-6.62725 6.699125
-6.746 6.708500000000001
-6.86475 6.717875
-6.9835 6.727250000000001
-7.10225 6.736625
-7.36575 6.74525
-7.5105 6.7445
-7.65525 6.74375
-7.8 6.743
-7.94475 6.74225
-8.0895 6.7415
-8.23425 6.74075
-8.415454545454544 6.851818181818182
-8.45190909090909 6.963636363636364
-8.488363636363635 7.075454545454545
-8.524818181818182 7.1872727272727275
-8.561272727272726 7.299090909090909
-8.597727272727273 7.410909090909091
-8.634181818181817 7.5227272727272725
-8.670636363636364 7.634545454545455
-8.707090909090908 7.746363636363636
-8.743545454545455 7.8581818181818175
-8.78 8.137571428571428
-8.78 8.305142857142858
-8.78 8.472714285714286
-8.78 8.640285714285714
-8.78 8.807857142857143
-8.78 8.975428571428573
-8.78 8.975428571428573
-8.78 8.807857142857143
-8.78 8.640285714285714
-8.78 8.472714285714286
-8.78 8.305142857142858
-8.78 8.137571428571428
-8.722714285714286 7.7942857142857145
-8.66542857142857 7.618571428571428
-8.608142857142857 7.442857142857143
-8.550857142857142 7.267142857142857
-8.493571428571428 7.091428571428572
-8.436285714285713 6.9157142857142855
-8.375222222222222 6.578111111111111
-8.371444444444444 6.416222222222222
-8.367666666666667 6.254333333333333
-8.363888888888889 6.092444444444444
-8.360111111111111 5.930555555555556
-8.356333333333334 5.768666666666667
-8.352555555555556 5.606777777777778
-8.348777777777778 5.444888888888889
-8.358600000000001 5.074400000000001
-8.372200000000001 4.8658
-8.3858 4.6572000000000005
-8.3994 4.4486
-8.4145 4.063666666666667
-8.416 3.8873333333333333
-8.4175 3.7110000000000003
-8.419 3.534666666666667
-8.4205 3.3583333333333334
-8.3496 3.1202
-8.2772 3.0584
-8.2048 2.9966
-8.1324 2.9348
-8.06 2.8729999999999998
-7.9876000000000005 2.8112
-7.9152000000000005 2.7494
-7.8428 2.6875999999999998
-7.7704 2.6258
-7.698 2.564
-7.6256 2.5022
-7.5532 2.4404
-7.4808 2.3786
-7.4084 2.3167999999999997
-7.203222222222222 2.173111111111111
-7.070444444444445 2.091222222222222
-6.937666666666667 2.009333333333333
-6.804888888888889 1.9274444444444443
-6.6721111111111115 1.8455555555555554
-6.539333333333333 1.7636666666666667
-6.406555555555555 1.6817777777777778
-6.273777777777778 1.599888888888889
-5.9985 1.5186666666666666
-5.856 1.5193333333333334
-5.7135 1.52
-5.571 1.5206666666666666
-5.4285 1.5213333333333334
-5.142333333333333 1.5311666666666666
-4.998666666666667 1.5403333333333333
-4.855 1.5495
-4.711333333333333 1.5586666666666666
-4.567666666666667 1.5678333333333332
-4.271428571428571 1.6978571428571427
-4.118857142857143 1.8187142857142857
-3.9662857142857146 1.9395714285714285
-3.813714285714286 2.0604285714285715
-3.661142857142857 2.181285714285714
-3.5085714285714285 2.302142857142857
-3.186 2.49
-3.016 2.557
-2.846 2.624
-2.676 2.691
-2.5060000000000002 2.758
-2.336 2.8249999999999997
-2.1631666666666667 3.0658333333333334
-2.1603333333333334 3.2396666666666665
-2.1574999999999998 3.4135
-2.1546666666666665 3.5873333333333335
-2.1518333333333333 3.761166666666667
-1.07625 9.077499999999999
-1.0775000000000001 8.785
-1.07875 8.4925
-1.108 7.894399999999999
-1.1360000000000001 7.588799999999999
-1.164 7.283199999999999
-1.192 6.9776
-1.5443333333333333 6.695333333333333
-1.8686666666666667 6.718666666666667
-2.184 6.558714285714285
-2.175 6.3754285714285714
-2.166 6.192142857142857
-2.157 6.008857142857143
-2.148 5.825571428571428
-2.139 5.642285714285714
-1.8099999999999998 5.370666666666667
-1.4899999999999998 5.282333333333333
-1.164 4.92
-1.158 4.646
-1.152 4.372
-1.146 4.098
-1.139 3.6022
-1.138 3.3804
-1.137 3.1586
-1.136 2.9368
-1.1213333333333333 2.6163333333333334
-1.1076666666666668 2.5176666666666665
-1.154 2.096
-1.4535 1.7662499999999999
-1.693 1.7595
-1.9325 1.75275
-2.3643333333333336 1.7338333333333333
-2.5566666666666666 1.7216666666666667
-2.749 1.7095
-2.9413333333333336 1.6973333333333334
-3.1336666666666666 1.6851666666666667
-3.692 1.641
-4.058 1.609
-4.6395 1.56325
-4.855 1.5495
-5.0705 1.53575
-5.571 1.5206666666666666
-5.856 1.5193333333333334
-6.431 1.4969999999999999
-6.721 1.476
-7.011 1.455
-7.526400000000001 1.4225999999999999
-7.7518 1.4112
-7.977200000000001 1.3998
-8.2026 1.3884
-8.716000000000001 1.39175
-9.004000000000001 1.4064999999999999
-9.292 1.42125
-9.57225 1.6412499999999999
-9.564499999999999 1.8465
-9.55675 2.05175
-9.551833333333333 2.5853333333333337
-9.554666666666666 2.913666666666667
-9.557500000000001 3.242
-9.560333333333334 3.5703333333333336
-9.563166666666667 3.898666666666667
-9.551 4.49275
-9.536000000000001 4.7585
-9.521 5.02425
-9.69725 5.56275
-9.8885 5.8355
-10.07975 6.10825
-9.955666666666668 6.440833333333334
-9.640333333333334 6.500666666666667
-9.325 6.5605
-9.009666666666666 6.620333333333334
-8.694333333333333 6.680166666666667
-8.47925 7.0475
-8.5795 7.355
-8.679749999999999 7.6625
-8.78 8.26325
-8.78 8.5565
-8.78 8.84975
-8.78 8.9084
-8.78 8.6738
-8.78 8.4392
-8.78 8.2046
-8.679749999999999 7.6625
-8.5795 7.355
-8.47925 7.0475
-8.0895 6.7415
-7.8 6.743
-7.5105 6.7445
-6.9835 6.727250000000001
-6.746 6.708500000000001
-6.5085 6.68975
-6.25925 6.39525
-6.2475000000000005 6.1195
-6.23575 5.84375
-6.47675 5.54475
-6.7295 5.5215
-6.9822500000000005 5.49825
-7.5125 5.427
-7.790000000000001 5.379
-8.0675 5.331
-8.362 5.0222500000000005
-8.379000000000001 4.7615
-8.396 4.50075
-8.41525 3.9755000000000003
-8.4175 3.7110000000000003
-8.41975 3.4465
-8.4224 3.0068
-8.4228 2.8316
-8.4232 2.6564
-8.4236 2.4812000000000003
-8.425333333333333 1.9963333333333333
-8.426666666666668 1.6866666666666665
-8.716000000000001 1.39175
-9.004000000000001 1.4064999999999999
-9.292 1.42125
-9.57225 1.6412499999999999
-9.564499999999999 1.8465
-9.55675 2.05175
-9.174 2.2733333333333334
-8.799 2.2896666666666667
-8.152 2.29325
-7.88 2.2805
-7.6080000000000005 2.26775
-7.048 2.2615
-6.76 2.268
-6.472 2.2745
-5.9964 2.281
-5.808800000000001 2.281
-5.6212 2.281
-5.4336 2.281
-4.9590000000000005 2.283333333333333
-4.672 2.2856666666666667
-4.042 2.3329999999999997
-3.699 2.378
-3.0585 2.40975
-2.761 2.3965
-2.4635 2.3832500000000003
-1.9941666666666666 2.4275
-1.8223333333333334 2.485
-1.6505 2.5425
-1.4786666666666668 2.6
-1.3068333333333335 2.6574999999999998
-1.136 2.9368
-1.137 3.1586
-1.138 3.3804
-1.139 3.6022
-1.1475 4.1665
-1.1549999999999998 4.509
-1.1624999999999999 4.8515
-1.1824999999999999 5.5634999999999994
-1.1949999999999998 5.933
-1.2075 6.3025
-1.185 7.053999999999999
-1.15 7.436
-1.115 7.818
-1.07875 8.4925
-1.0775000000000001 8.785
-1.07625 9.077499999999999
-2.1327142857142856 5.241285714285714
-2.1354285714285712 5.023571428571429
-2.138142857142857 4.805857142857143
-2.140857142857143 4.588142857142857
-2.1435714285714287 4.3704285714285716
-2.1462857142857144 4.152714285714286
-2.1518333333333333 3.7611666666666665
-2.1546666666666665 3.5873333333333335
-2.1574999999999998 3.4135
-2.1603333333333334 3.2396666666666665
-2.1631666666666667 3.065833333333333
-2.336 2.8249999999999997
-2.506 2.758
-2.676 2.691
-2.846 2.624
-3.016 2.557
-3.186 2.49
-3.5618 2.396
-3.7676 2.3689999999999998
-3.9734 2.342
-4.1792 2.315
-4.5572 2.2866
-4.7294 2.2852
-4.9016 2.2838
-5.0738 2.2824
-5.402333333333334 2.281
-5.558666666666667 2.281
-5.715 2.281
-5.871333333333333 2.281
-6.027666666666667 2.281
-6.376 2.276666666666667
-6.5680000000000005 2.2723333333333335
-6.76 2.268
-6.952 2.2636666666666665
-7.144 2.259333333333333
-7.491142857142857 2.3874285714285715
-7.646285714285715 2.5198571428571426
-7.801428571428572 2.652285714285714
-7.956571428571429 2.7847142857142857
-8.111714285714287 2.9171428571428573
-8.266857142857143 3.0495714285714284
-8.420875 3.31425
-8.41975 3.4465
-8.418625 3.57875
-8.4175 3.7110000000000003
-8.416375 3.8432500000000003
-8.41525 3.9755000000000003
-8.414125 4.10775
-8.557125000000001 4.2383750000000004
-8.70125 4.236750000000001
-8.845375 4.235125
-8.9895 4.2335
-9.133625 4.2318750000000005
-9.277750000000001 4.23025
-9.421875 4.228625
-9.570714285714287 4.082857142857143
-9.575428571428573 3.938714285714286
-9.580142857142858 3.794571428571429
-9.584857142857143 3.650428571428572
-9.589571428571428 3.5062857142857142
-9.594285714285714 3.362142857142857
-9.589 3.0258
-9.579 2.8336
-9.568999999999999 2.6414
-9.559 2.4492000000000003
-9.424 2.2624444444444447
-9.299 2.267888888888889
-9.174 2.2733333333333334
-9.049 2.278777777777778
-8.924 2.284222222222222
-8.799 2.2896666666666667
-8.674 2.2951111111111113
-8.549 2.3005555555555555
-8.242666666666667 2.2975
-8.061333333333334 2.289
-7.88 2.2805
-7.698666666666667 2.272
-7.517333333333333 2.2635
-7.3325000000000005 2.1729
-7.329000000000001 2.0907999999999998
-7.3255 2.0087
-7.322 1.9265999999999999
-7.3185 1.8445
-7.315 1.7624
-7.3115000000000006 1.6803
-7.308 1.5981999999999998
-7.3045 1.5161
-7.135285714285715 1.446
-6.969571428571428 1.458
-6.803857142857143 1.47
-6.638142857142857 1.482
-6.472428571428572 1.494
-6.3067142857142855 1.506
-5.97 1.5188
-5.7989999999999995 1.5196
-5.628 1.5204
-5.457 1.5212
-5.162857142857143 1.5298571428571428
-5.039714285714285 1.5377142857142858
-4.916571428571428 1.5455714285714286
-4.793428571428572 1.5534285714285714
-4.670285714285715 1.5612857142857142
-4.547142857142857 1.5691428571428572
-4.204400000000001 1.5962
-3.9848000000000003 1.6154
-3.7652 1.6346
-3.5456000000000003 1.6538
-3.181 1.760125
-3.036 1.84725
-2.891 1.9343750000000002
-2.746 2.0215
-2.601 2.108625
-2.456 2.1957500000000003
-2.311 2.282875
-2.166 2.4744
-2.166 2.5788
-2.166 2.6832000000000003
-2.166 2.7876
-2.1631666666666667 3.0658333333333334
-2.1603333333333334 3.2396666666666665
-2.1574999999999998 3.4135
-2.1546666666666665 3.5873333333333335
-2.1518333333333333 3.761166666666667
-2.1458333333333335 4.189
-2.1426666666666665 4.443
-2.1395 4.697
-2.1363333333333334 4.951
-2.1331666666666664 5.205
-2.139 5.642285714285714
-2.148 5.825571428571428
-2.157 6.008857142857143
-2.166 6.192142857142857
-2.175 6.3754285714285714
-2.184 6.558714285714286
-2.3391428571428574 6.734857142857143
-2.4852857142857143 6.727714285714286
-2.6314285714285717 6.720571428571429
-2.7775714285714286 6.7134285714285715
-2.923714285714286 6.706285714285714
-3.069857142857143 6.699142857142857
-3.2114285714285717 6.506857142857143
-3.206857142857143 6.321714285714286
-3.2022857142857144 6.136571428571429
-3.197714285714286 5.951428571428571
-3.1931428571428575 5.766285714285714
-3.1885714285714286 5.581142857142857
-3.0334285714285714 5.405
-2.882857142857143 5.414
-2.732285714285714 5.423
-2.581714285714286 5.4319999999999995
-2.431142857142857 5.441
-2.2805714285714282 5.449999999999999
-2.13 5.459
-2.13 5.459
-2.1331666666666664 5.205
-2.1363333333333334 4.951
-2.1395 4.697
-2.1426666666666665 4.443
-2.1458333333333335 4.189
-2.1524 3.7264
-2.1558 3.5178
-2.1592 3.3091999999999997
-2.1626 3.1006
-2.166 2.718
-2.166 2.544
-2.1675 2.214
-2.169 2.058
-2.1705 1.9020000000000001
-2.4028 1.7314
-2.6336 1.7168
-2.8644 1.7022
-3.0952 1.6876
-3.6005000000000003 1.649
-3.875 1.625
-4.149500000000001 1.601
-4.5964 1.566
-4.7688 1.555
-4.9412 1.544
-5.1136 1.533
-5.49975 1.521
-5.7135 1.52
-5.92725 1.5190000000000001
-6.373 1.5012
-6.605 1.4844
-6.837 1.4676
-7.069 1.4507999999999999
-7.582750000000001 1.41975
-7.8645000000000005 1.4055
-8.14625 1.3912499999999999
-8.6584 1.3888
-8.8888 1.4006
-9.119200000000001 1.4123999999999999
-9.3496 1.4242
-9.57225 1.6412499999999999
-9.564499999999999 1.8465
-9.55675 2.05175
-9.561499999999999 2.49725
-9.574 2.7375
-9.586500000000001 2.97775
-9.59075 3.47025
-9.5825 3.7225
-9.574250000000001 3.9747500000000002
-9.554 4.4396
-9.542 4.652200000000001
-9.530000000000001 4.864800000000001
-9.518 5.0774
-9.69725 5.56275
-9.8885 5.8355
-10.07975 6.10825
-10.060777777777778 6.420888888888889
-9.850555555555555 6.460777777777778
-9.640333333333334 6.500666666666667
-9.430111111111112 6.540555555555556
-9.219888888888889 6.580444444444445
-9.009666666666666 6.620333333333334
-8.799444444444443 6.660222222222222
-8.589222222222222 6.700111111111111
-8.47925 7.0475
-8.5795 7.355
-8.679749999999999 7.6625
-8.78 8.361
-8.78 8.752
-8.78 8.9475
-8.78 8.752
-8.78 8.5565
-8.78 8.361
-8.78 8.1655
-8.557285714285713 7.795142857142857
-8.334571428571428 7.620285714285714
-8.111857142857142 7.445428571428572
-7.889142857142857 7.2705714285714285
-7.666428571428572 7.095714285714286
-7.443714285714286 6.920857142857143
-6.904333333333334 6.721
-6.587666666666666 6.696000000000001
-6.2616 6.4504
-6.2522 6.2298
-6.2428 6.0092
-6.2334000000000005 5.7886
-6.47675 5.54475
-6.7295 5.5215
-6.9822500000000005 5.49825
-7.5125 5.427
-7.790000000000001 5.379
-8.0675 5.331
-8.356333333333334 5.109166666666667
-8.367666666666667 4.935333333333333
-8.379000000000001 4.7615
-8.390333333333334 4.587666666666667
-8.401666666666667 4.413833333333334
-8.41525 3.9755000000000003
-8.4175 3.7110000000000003
-8.41975 3.4465
-8.240166666666667 3.1786666666666665
-8.058333333333334 3.175333333333333
-7.8765 3.1719999999999997
-7.694666666666667 3.1686666666666667
-7.512833333333334 3.1653333333333333
-7.139833333333334 3.0151666666666666
-6.948666666666667 2.868333333333333
-6.7575 2.7215
-6.566333333333334 2.574666666666667
-6.375166666666667 2.4278333333333335
-5.9495000000000005 2.281
-5.715 2.281
-5.4805 2.281
-5.255000000000001 2.4955
-5.264 2.71
-5.273 2.9245
-5.146333333333334 3.1279999999999997
-5.010666666666666 3.117
-4.875 3.106
-4.739333333333334 3.0949999999999998
-4.603666666666666 3.084
-4.2456 2.943
-4.0232 2.813
-3.8007999999999997 2.683
-3.5784 2.553
-3.118 2.5168
-2.88 2.6106
-2.642 2.7043999999999997
-2.404 2.7982
-2.16175 3.15275
-2.1574999999999998 3.4135
-2.15325 3.67425
-2.1452 4.2398
-2.1414 4.5446
-2.1376 4.849399999999999
-2.1338 5.1541999999999994
-2.3407999999999998 5.4464
-2.5516 5.4338
-2.7624 5.4212
-2.9732000000000003 5.4086
-3.184 5.396
-8.78 9.143
-8.78 8.5565
-8.679749999999999 7.6625
-8.5795 7.355
-8.47925 7.0475
-7.992999999999999 6.742
-7.607 6.744000000000001
-6.746 6.708500000000001
-6.255333333333334 6.303333333333334
-6.2396666666666665 5.935666666666666
-6.561 5.537
-6.898000000000001 5.505999999999999
-7.5125 5.427
-7.790000000000001 5.379
-8.0675 5.331
-8.9255 5.2865
-9.526 4.935666666666667
-9.546000000000001 4.581333333333333
-9.577 3.8906666666666667
-9.588000000000001 3.5543333333333336
-9.586500000000001 2.97775
-9.574 2.7375
-9.561499999999999 2.49725
-9.174 2.2733333333333334
-8.799 2.2896666666666667
-8.049666666666667 2.0153333333333334
-7.675333333333334 1.7246666666666668
-7.30975 1.6392499999999999
-7.3185 1.8445
-7.32725 2.04975
-6.76 2.268
-5.9495000000000005 2.281
-5.715 2.281
-5.4805 2.281
-4.7735 2.3165
-4.301 2.3520000000000003
-3.8285 2.3875
-3.0585 2.40975
-2.761 2.3965
-2.4635 2.3832500000000003
-1.8086666666666666 2.3863333333333334
-1.4513333333333334 2.4026666666666667
-1.1076666666666668 2.5176666666666665
-1.1213333333333333 2.6163333333333334
-1.13625 2.99225
-1.1375 3.2695
-1.13875 3.54675
-1.15 4.280666666666667
-1.16 4.737333333333333
-1.1866666666666665 5.6866666666666665
-1.2033333333333334 6.179333333333333
-1.46325 6.6895
-1.7065000000000001 6.707
-1.94975 6.7245
-2.1804 6.4854
-2.1678 6.2288
-2.1552 5.9722
-2.1426 5.7156
-2.1363333333333334 4.951
-2.1426666666666665 4.443
-2.1546666666666665 3.5873333333333335
-2.1603333333333334 3.2396666666666665
-1.898 2.7737499999999997
-1.63 2.6555
-1.362 2.5372500000000002
-1.362 2.40675
-1.63 2.3945
-1.898 2.38225
-2.8285 2.228
-3.4909999999999997 2.0860000000000003
-4.153499999999999 1.944
-4.816 1.802
-5.4785 1.6600000000000001
-6.431 1.4969999999999999
-6.721 1.476
-7.011 1.455
-7.676666666666667 1.415
-8.052333333333333 1.396
-8.70825 1.597
-8.9885 1.8170000000000002
-9.26875 2.037
-9.565666666666667 2.5773333333333333
-9.582333333333333 2.897666666666667
-9.588000000000001 3.5543333333333336
-9.577 3.8906666666666667
-9.536000000000001 4.7585
-9.21575 5.28825
-8.9255 5.2865
-8.635250000000001 5.284750000000001
-7.9750000000000005 5.347
-7.605 5.411
-6.7295 5.5215
-6.23575 5.84375
-6.2475000000000005 6.1195
-6.25925 6.39525
-6.5085 6.68975
-6.746 6.708500000000001
-6.9835 6.727250000000001
-7.607 6.744000000000001
-7.992999999999999 6.742
-8.512666666666666 7.15
-8.646333333333333 7.56
-8.78 8.1655
-8.78 8.361
-8.78 8.5565
-8.78 8.752
-8.78 8.9475
-8.78 9.143
-8.78 8.752
-8.78 8.361
-8.646333333333333 7.56
-8.512666666666666 7.15
-8.186 6.7410000000000005
-7.992999999999999 6.742
-7.8 6.743
-7.607 6.744000000000001
-7.414 6.745
-7.10225 6.736625
-6.9835 6.727250000000001
-6.86475 6.717875
-6.746 6.708500000000001
-6.62725 6.699125
-6.5085 6.68975
-6.38975 6.680375000000001
-6.255333333333334 6.303333333333334
-6.2396666666666665 5.935666666666666
-6.47675 5.54475
-6.7295 5.5215
-6.9822500000000005 5.49825
-7.605 5.411
-7.9750000000000005 5.347
-8.635250000000001 5.284750000000001
-8.9255 5.2865
-9.21575 5.28825
-9.526 4.935666666666667
-9.546000000000001 4.581333333333333
-9.574250000000001 3.9747500000000002
-9.5825 3.7225
-9.59075 3.47025
-9.582333333333333 2.897666666666667
-9.565666666666667 2.5773333333333333
-9.3615 2.2651666666666666
-9.174 2.2733333333333334
-8.9865 2.2815000000000003
-8.799 2.2896666666666667
-8.6115 2.297833333333333
-8.061333333333334 2.289
-7.698666666666667 2.272
-6.952 2.2636666666666665
-6.5680000000000005 2.2723333333333335
-5.9495000000000005 2.281
-5.715 2.281
-5.4805 2.281
-4.9590000000000005 2.283333333333333
-4.672 2.2856666666666667
-4.042 2.3329999999999997
-3.699 2.378
-3.118 2.4124
-2.88 2.4018
-2.642 2.3912
-2.404 2.3806000000000003
-1.63 2.3945
-1.1076666666666668 2.5176666666666665
-1.1213333333333333 2.6163333333333334
-1.1366666666666667 3.0846666666666667
-1.1383333333333332 3.454333333333333
-1.1475 4.1665
-1.1549999999999998 4.509
-1.1624999999999999 4.8515
-1.18 5.4896
-1.19 5.7852
-1.2 6.0808
-1.21 6.3764
-1.5443333333333333 6.695333333333333
-1.8686666666666667 6.718666666666667
-2.44875 6.7295
-2.7045000000000003 6.7170000000000005
-2.9602500000000003 6.7045
-3.2096 6.4328
-3.2032000000000003 6.1736
-3.1968 5.9144000000000005
-3.1904000000000003 5.6552
-2.832666666666667 5.417
-2.481333333333333 5.438
-2.13475 5.077999999999999
-2.1395 4.697
-2.14425 4.316
-2.15325 3.67425
-2.1574999999999998 3.4135
-2.16175 3.15275
-2.166 2.6310000000000002
-2.4635 2.3832500000000003
-2.761 2.3965
-3.0585 2.40975
-3.61325 2.38925
-3.8705 2.3555
-4.12775 2.3217499999999998
-4.672 2.2856666666666667
-4.9590000000000005 2.283333333333333
-5.715 2.281
-6.5680000000000005 2.2723333333333335
-6.952 2.2636666666666665
-7.698666666666667 2.272
-8.061333333333334 2.289
-8.564625 2.299875
-8.70525 2.29375
-8.845875 2.2876250000000002
-8.9865 2.2815000000000003
-9.127125 2.275375
-9.26775 2.26925
-9.408375 2.263125
-9.561499999999999 2.49725
-9.574 2.7375
-9.586500000000001 2.97775
-9.588000000000001 3.5543333333333336
-9.577 3.8906666666666667
-9.551 4.49275
-9.536000000000001 4.7585
-9.521 5.02425
-9.69725 5.56275
-9.8885 5.8355
-10.07975 6.10825
-10.118 6.1628
-9.965 5.9446
-9.812000000000001 5.7264
-9.659 5.5082
-9.21575 5.28825
-8.9255 5.2865
-8.635250000000001 5.284750000000001
-7.9750000000000005 5.347
-7.605 5.411
-6.9822500000000005 5.49825
-6.7295 5.5215
-6.47675 5.54475
-6.23575 5.84375
-6.2475000000000005 6.1195
-6.25925 6.39525
-6.587666666666666 6.696000000000001
-6.904333333333334 6.721
-7.607 6.744000000000001
-7.992999999999999 6.742
-8.47925 7.0475
-8.5795 7.355
-8.679749999999999 7.6625
-8.78 8.361
-8.78 8.752
-8.78 9.143
