-0.56025 5.810125
-7.569039999999999 2.4021999999999997
-10.0696 9.412199999999999
-0.7518571428571429 9.361142857142857
-5.723142857142857 9.337285714285715
-3.0652857142857144 4.659
-16.961600400000002 2.3183000000000002
-8.358600000000001 9.4734
-10.0174 8.6058
-7.563666666666667 9.718333333333334
-0.9838 10.31
-10.163090147586757 3.092088950937375
-10.46375 9.697
-2.192333333333333 10.704833333333333
-7.283200000000001 9.7062
-2.423 9.2365
-7.077142857142857 9.697285714285714
-0.5724 6.1906
-4.792833333333333 7.7885
-5.053714285714286 8.533714285714286
-3.786 9.859
-3.0495 7.734
-1.24275 10.472375
-1.344 10.3484
-2.0805 10.702250000000001
-3.786 9.859
-3.48325 10.661249999999999
-3.786 9.859
-2.0805 10.702250000000001
-2.1475999999999997 10.703800000000001
-2.4208 9.6996
-1.011294117647059 9.837470588235295
-0.7362307692307692 3.2406153846153845
-3.26075 4.6875
-1.7649449541284419 3.520715596330275
-3.8931999999999998 4.8576
-3.086666666666667 2.792666666666667
-3.2154285714285713 4.481142857142857
-6.0096923076923074 2.4729230769230766
-6.373 2.9185
-1.7519500000000001 2.5053
-4.73475 4.53825
-4.6805 4.2044999999999995
-9.249764705882352 4.137882352941176
-7.8288 4.7232
-2.0726 1.8182
-6.373 2.9185
-5.9484 2.3008
-3.2365714285714287 3.560142857142857
-1.7842 2.0418000000000003
-0.5407142857142857 3.9974285714285713
-10.491570402871957 3.0753238930993216
-9.892 3.3861
-5.9512 2.9364
-4.291333333333333 4.864
-12.732800000000001 3.6892
-9.484111111111112 4.594222222222221
-7.654 3.4375
-8.275 5.551166666666667
-12.014999999999999 1.617
-5.872999999999999 10.848500000000001
-17.1076002 4.437
-9.56275 5.28825
-10.516 4.146285714285714
-18.608916666666666 6.6655
-11.547749999999999 1.6625
-19.753501 3.4795
-20.383201000000003 4.2824
-18.177077230769232 6.298230769230769
-20.146201 3.5674
-18.904751 5.580875000000001
-20.39914385714286 3.8604285714285713
-17.304142142857142 3.363857142857143
-17.90242842857143 3.3535714285714286
-17.279 7.5360000000000005
-20.395601000000003 3.9542
-20.390286714285715 4.094857142857143
-24.28150075 6.9765
-19.535334333333335 3.4306666666666668
-20.68050025 6.45575
-22.431428285714286 2.429857142857143
-16.9678002 2.4684
-21.478399800000002 3.6338
-21.993776999999998 3.637555555555555
-22.12399925 3.219
-20.45750075 5.663250000000001
-20.752856619047616 4.9675714285714285
-23.66699925 3.194
-21.98799975 2.379
-15.953888444444443 3.441777777777778
-21.52299975 3.634125
-22.99866666666667 1.9563333333333335
-23.203999 3.6176666666666666
-19.38988988888889 3.398111111111111
-21.993776999999998 3.637555555555555
-18.8536002 4.7947999999999995
-21.993776999999998 3.637555555555555
-16.584554777777775 3.398111111111111
-20.36371528571429 4.7981428571428575
-15.169142857142857 8.90857142857143
-23.203999 3.6176666666666666
-23.595333 2.5056666666666665
-22.2436 1.9582000000000002
-14.153249875 4.134625
-20.383201000000003 4.2824
-20.373556555555556 4.5376666666666665
-20.383201000000003 4.2824
-19.535334333333335 3.4306666666666668
-19.753501 3.4795
-23.203999 3.6176666666666666
-22.12399925 3.219
-20.387334333333335 4.173
-20.97949925 3.75775
-20.392501000000003 4.03625
-20.377001 4.4465
-16.374332666666664 3.412666666666667
-20.950598999999997 9.5616
-21.794000083333334 2.097916666666667
-19.2422004 4.5026
-20.384751 4.241375
-19.753501 3.4795
-17.35399933333333 3.3630000000000004
-20.387334333333335 4.173
-21.056000571428573 2.9115714285714285
-23.07474975 9.10625
-18.62350025 4.6485
-18.62350025 4.6485
-22.571499 3.631
-20.892399 8.7414
-17.026374249999996 3.5915
-17.6916006 5.1242
-20.370801 4.6106
-21.50133233333333 9.656333333333334
-23.472000333333334 8.956333333333333
-23.93325025 5.44375
-18.956250750000002 2.978
-21.50133233333333 9.656333333333334
-24.198858142857144 7.804285714285714
-20.744000777777778 3.2555555555555555
-21.288798999999997 9.7278
-20.914570428571427 9.053857142857144
-19.97166766666667 3.5283333333333333
-20.912000666666668 3.070333333333333
-20.524000333333333 5.136
-15.869799599999999 3.4476
-18.13175025 1.90175
-21.766999 9.567
-21.766999 9.567
-20.8243996 7.4984
-20.4528006 5.188400000000001
-21.8351994 3.6363999999999996
-23.39575075 4.99125
-24.18066766666667 7.869666666666666
-18.021001000000002 2.6005000000000003
-20.945749 9.49325
-20.945749 9.49325
-20.146201 3.5674
-22.697999 3.6283333333333334
-20.88685614285714 8.663285714285713
-19.31716766666667 3.3818333333333337
-20.817142571428572 6.2868571428571425
-22.165498999999997 9.433
-20.5690005 6.0595
-23.472000333333334 8.956333333333333
-20.4528006 5.188400000000001
-20.820928214285715 7.429142857142857
-21.54200025 2.37575
-20.5690005 6.0595
-20.80935692857143 7.198285714285714
-18.296666333333334 6.675666666666666
-20.383201000000003 4.2824
-19.019750875 3.55225
-17.1332505 4.704000000000001
-13.118777777777778 1.9949999999999999
-19.97166766666667 3.5283333333333333
-2.2503657758276834 3.4959405664140406
-18.58275 6.3785
-18.782000500000002 4.21
-20.8540005 3.62925
-17.232000199999998 6.4066
-12.174666666666667 9.712666666666665
-23.472000333333334 8.956333333333333
-18.9722008 3.6838
-10.692 3.9178333333333333
-18.932501000000002 5.25975
-18.62500009090909 6.960090909090909
-19.589876 3.442875
-17.1332505 4.704000000000001
-15.383285571428571 3.4812857142857143
-8.888666666666667 8.349
-16.984333 2.868666666666667
-18.357143 9.063285714285714
-15.869799599999999 3.4476
-18.4812505 8.8165
-13.172222222222222 3.55
-14.35 9.0565
-20.443091545454546 5.195545454545455
-11.378714285714285 9.735857142857142
-18.849251000000002 6.223125
-13.124444444444444 8.926222222222222
-17.5770006 1.8860000000000001
-15.516 9.7136
-17.6295005 9.1675
-7.700285714285714 4.073928571428572
-8.29 3.2560000000000002
-17.233333333333334 8.519111111111112
-14.161888888888889 4.472
-18.649500833333335 8.193999999999999
-14.224499999999999 8.9905
-15.924 9.77
-16.5770008 2.1944
-6.5520000000000005 10.215
-11.967875 2.96425
-21.766999 9.567
-0.7132000000000001 9.203
-18.791538923076924 2.5683846153846153
-15.869799599999999 3.4476
-3.0745555555555555 2.921222222222222
-19.426251 3.40625
-12.6776 3.1684
-18.6418006 7.8062000000000005
-8.14375 4.2105
-15.187857142857142 9.100428571428571
-12.029499999999999 9.720749999999999
-6.002 2.836909090909091
-12.6298 2.6394
-17.211000499999997 5.9350000000000005
-17.603285285714286 3.358714285714286
-4.7514 7.7862
-10.2754 3.0696
-2.1080243318707623 3.50320542481053
-5.047000000000001 8.442
-12.465 9.6965
-4.1815 10.65175
-7.4635 9.714
-8.7094 9.7386
-4.0052 9.0752
-9.622692307692308 8.66376923076923
-3.1275 10.6775
-8.357 9.403500000000001
-3.7426 8.536200000000001
-10.560916234543278 3.071784603111288
-7.1819999999999995 2.64575
-11.9424 9.7256
-4.792833333333333 7.7885
-9.984250897487035 3.1012165935380933
-3.0762857142857145 2.902857142857143
-0.576 6.303333333333334
-7.487125 1.6275
-4.935 10.6666
-4.858827586206896 9.986586206896552
-21.505845923076922 3.634
-21.505845923076922 3.634
-7.4635 9.714
-3.1079999999999997 3.992
-4.2956666666666665 10.654
-5.4204 3.5711999999999997
-0.9838 10.31
-1.614 10.0178
-5.163 10.0368
-5.360909090909091 9.191454545454546
-2.419 10.0785
-4.171333333333333 7.754
-10.868 3.4
-3.964166666666667 7.7425
-2.9080000000000004 7.7346
-9.40125 5.607125
-2.4665 2.039
-5.047000000000001 8.442
-2.625 7.7358
-2.097074990027922 3.503764260071799
-5.0705 8.763
-2.4665 2.039
-0.5535 5.59875
-3.057384615384615 3.7615384615384615
-4.1815 10.65175
-5.0352500000000004 8.2815
-3.964166666666667 7.7425
-5.01175 7.9605
-2.6355 10.437166666666668
-1.8454285714285714 9.734428571428571
-9.674019545273234 3.1170502592740323
-11.267399999999999 1.6898
-6.962232548863183 3.2554551256481847
-4.6588 4.071
-4.4135 9.0785
-4.4135 9.0785
-5.053714285714286 8.533714285714286
-0.6056 7.6537999999999995
-9.237333333333334 3.0434444444444444
-0.7132000000000001 9.203
-2.0382857142857143 9.498285714285714
-5.0705 8.763
-2.0382857142857143 9.498285714285714
-6.3182 1.5046
-7.5355 2.085
-7.808666666666666 4.632666666666666
-5.0705 8.763
-10.009666666666666 8.486333333333333
-2.3844375 1.993
-8.214 2.8256666666666668
-4.3785 7.765499999999999
-6.013076923076923 2.3127692307692307
-9.4435 3.2895000000000003
-10.09 4.208571428571428
-4.7476666666666665 3.5815
-2.2613151176705237 3.495381731152772
-2.419 10.0785
-2.247666666666667 1.9163333333333334
-12.6392 9.6868
-12.336428285714284 9.730142857142857
-10.254444444444445 9.68811111111111
-7.077142857142857 9.697285714285714
-10.029 8.785
-5.4204 3.5711999999999997
-9.2216 5.3296
-5.6074 10.7779
-4.225 9.606
-8.341000000000001 8.7045
-12.83425 4.57925
-17.297857142857143 8.001714285714286
-10.0145 8.561
-7.9345 5.1985
-4.0424999999999995 4.859999999999999
-9.736777777777778 5.332666666666666
-6.541166666666666 10.8
-5.062666666666667 8.655999999999999
-10.589333333333332 9.702333333333332
-5.163 10.0368
-9.604673713601915 3.120589549262066
-6.541166666666666 10.8
-9.766428571428571 8.539285714285715
-6.2714 10.9544
-10.1365 3.0725
-12.936 5.3916
-7.163 9.701
-5.024 3.1906666666666665
-8.805 5.577500000000001
-10.447773035500598 3.0775592341443954
-10.447773035500598 3.0775592341443954
-7.9345 5.1985
-5.9821333333333335 3.5209333333333332
-5.9821333333333335 3.5209333333333332
-9.7426 9.6954
-3.744076923076923 8.453615384615384
-7.4635 9.714
-10.02175 8.673
-8.0044 9.737400000000001
-14.0992 9.6592
-9.3982 9.7098
-18.782000500000002 4.21
-16.48550075 2.2760000000000002
-7.0127500000000005 9.694500000000001
-14.105 4.537
-14.29 9.661999999999999
-13.972 9.657333333333334
-18.9722008 3.6838
-14.608 9.666666666666666
-16.967333333333336 8.571833333333334
-15.697333333333333 9.738666666666667
-17.49825075 5.1335
-20.912000666666668 3.070333333333333
-20.080751000000003 3.55275
-17.055999666666665 9.860333333333333
-17.47399975 8.726500000000001
-15.58599975 3.46725
-17.1704 8.6536
-20.710400800000002 3.2926
-19.535334333333335 3.4306666666666668
-15.061 4.002
-21.200999285714285 4.858428571428571
-17.933999999999997 6.765000000000001
-20.35288988888889 5.084666666666667
-15.924 9.77
-17.9505005 7.596
-20.897249 8.809750000000001
-19.753501 3.4795
-22.729 1.957
-22.495599 3.6326
-20.354858142857143 5.032571428571429
-20.5411255625 5.9604375
-22.799198999999998 3.6262
-20.701999666666666 5.005
-24.2232002 6.0184
-20.5690005 6.0595
-20.167858142857146 4.9907142857142865
-24.2550005 6.541
-21.3293994 4.8522
-20.358401 4.9388000000000005
-20.912000666666668 3.070333333333333
-21.478399800000002 3.6338
-22.890800000000002 1.9566000000000001
-23.66699925 3.194
-21.1216002 3.6311999999999998
-23.58099975 2.3680000000000003
-22.431428285714286 2.429857142857143
-18.58275 6.3785
-22.431428285714286 2.429857142857143
-20.395601000000003 3.9542
-20.361501 4.85675
-15.3873998 4.4778
-17.33925075 1.87925
-22.8149995 2.7830000000000004
-14.994333333333334 5.449666666666666
-22.2436 1.9582000000000002
-23.6536006 8.8878
-20.4795005 5.16875
-22.2436 1.9582000000000002
-21.1216002 3.6311999999999998
-18.052 3.351
-22.419089909090907 9.347727272727273
-21.766999 9.567
-23.1087998 9.093399999999999
-20.8243996 7.4984
-22.378000333333333 4.801333333333333
-20.361501 4.85675
-20.897249 8.809750000000001
-24.212501 7.75525
-20.81224975 7.256
-22.245199 9.4062
-24.078801 8.2358
-22.9044995 9.1705
-24.228500250000003 6.1055
-20.8324995 7.66
-24.2232002 6.0184
-24.117001000000002 8.0985
-20.897249 8.809750000000001
-23.6536006 8.8878
-20.8324995 7.66
-24.2444004 6.3668
-23.244999999999997 9.042
-20.354858142857143 5.032571428571429
-20.937665666666664 9.379333333333333
-20.905332333333334 8.923666666666668
-20.45750075 5.663250000000001
-24.067625125000003 5.556875
-24.021501 8.44175
-24.265600600000003 6.7152
-24.212501 7.75525
-20.8324995 7.66
-21.416000333333336 2.514666666666667
-20.392501000000003 4.03625
-21.16087425 4.8603749999999994
-22.2282002 4.808599999999999
-23.89485742857143 5.411428571428571
-23.39575075 4.99125
-20.613 5.0705
-23.3061675 4.9158333333333335
-22.565250499999998 4.792249999999999
-21.4417495 4.84675
-17.5284995 3.3600000000000003
-19.753501 3.4795
-20.080751000000003 3.55275
-19.244445444444445 3.365555555555556
-23.3061675 4.9158333333333335
-24.2232002 6.0184
-20.395601000000003 3.9542
-21.288798999999997 9.7278
-22.245199 9.4062
-23.244999999999997 9.042
-21.607598999999997 9.6206
-20.4795005 5.16875
-21.288798999999997 9.7278
-24.18066766666667 7.869666666666666
-23.9870002 5.489
-24.162571571428572 6.115
-20.4795005 5.16875
-23.017999666666665 9.127666666666666
-24.117001000000002 8.0985
-24.265600600000003 6.7152
-24.078801 8.2358
-20.358401 4.9388000000000005
-24.078801 8.2358
-21.27200042857143 2.6734285714285715
-20.905332333333334 8.923666666666668
-20.937665666666664 9.379333333333333
-20.852749250000002 8.064
-17.62099925 9.85575
-18.691143142857143 2.318714285714286
-24.03661553846154 5.530769230769231
-20.925499249999998 9.08925
-23.7720004 5.308
-22.165498999999997 9.433
-20.8324995 7.66
-20.8540005 3.62925
-20.945749 9.49325
-20.6663998 5.0312
-22.565250499999998 4.792249999999999
-23.6536006 8.8878
-21.4417495 4.84675
-17.33925075 1.87925
-16.48550075 2.276
-20.45750075 5.663250000000001
-23.330499 3.615
-22.318499 3.636333333333333
-17.211000499999997 5.9350000000000005
-17.1900008 5.4634
-18.4812505 8.8165
-9.845285714285714 3.946571428571428
-7.7942857142857145 4.568
-12.6776 3.1684
-16.53199925 3.4017500000000003
-12.390142857142857 2.9294285714285713
-9.4456 3.573
-12.6096 2.3708
-12.612125 2.404375
-18.075832666666667 9.622666666666667
-17.22850025 6.328
-9.56275 5.28825
-16.264 9.817
-6.8469999999999995 3.8869999999999996
-17.304142142857142 3.363857142857143
-7.9985 4.200333333333333
-6.0207999999999995 10.0738
-8.349 9.054
-14.324333333333334 5.7603333333333335
-14.6204 3.3816
-14.409285714285714 3.330857142857143
-14.043 4.593500000000001
-10.558571428571428 4.522
-9.7492 4.2584
-9.44425 3.39075
-9.44875 3.9982499999999996
-14.057428571428572 3.2462857142857144
-6.9544 3.0545999999999998
-4.613352941176471 4.869176470588235
-12.7535 3.8845
-11.175857142857142 1.6987142857142858
-8.3458 8.914200000000001
-3.6372 3.5532
-6.551285714285714 10.25357142857143
-15.743666333333332 3.4563333333333333
-14.131285714285715 5.7498571428571426
-14.043 4.593500000000001
-7.9345 5.1985
-3.5946 4.8528
-4.2542 7.7585999999999995
-7.636 3.19
-9.083241379310344 3.313137931034483
-8.828 2.9563333333333333
-8.3522 9.1938
-8.357 9.403500000000001
-8.341000000000001 8.7045
-8.0566 4.2044
-12.465 9.6965
-10.6736 4.3906
-12.043666666666667 2.9579999999999997
-6.8469999999999995 3.8869999999999996
-12.465 9.6965
-12.719000000000001 3.559
-2.4226666666666667 9.306666666666667
-9.0736 3.0086
-4.7456 4.605
-8.349 9.054
-8.365724137931036 3.7654137931034484
-7.0127500000000005 9.694500000000001
-9.3854 9.150599999999999
-8.809285714285714 8.349857142857143
-7.91425 9.7335
-1.1110000000000002 3.5255
-7.5032499999999995 1.78
-9.444333333333333 8.343
-8.3458 8.914200000000001
-3.3646666666666665 10.666666666666666
-2.4665 2.039
-18.646750750000002 8.0555
-5.0371999999999995 4.2
-8.358600000000001 9.4734
-16.626599199999998 3.3952
-8.645999999999999 5.5696
-16.53199925 3.4017500000000003
-6.766181818181818 2.8529999999999998
-3.793 3.5505
-7.907 2.760333333333333
-0.6981666666666667 9.1415
-3.0957500000000002 2.69625
-0.921 3.5256666666666665
-1.3960000000000001 3.5252499999999998
-9.8 9.693
-15.416333333333334 9.565583333333333
-5.6325 3.5797499999999998
-5.947333333333333 2.8633333333333333
-6.317333333333334 9.576500000000001
-6.5432500000000005 10.6875
-10.024857142857142 8.721
-0.5406666666666667 4.076
-0.7132000000000001 9.203
-3.533333333333333 3.555
-2.01425 3.53475
-3.7477692307692307 8.247153846153847
-7.163 9.701
-3.3646666666666665 10.666666666666666
-0.8485 9.756499999999999
-6.674799999999999 3.8284
-6.674799999999999 3.8284
-5.9748 9.438600000000001
-9.925854407658555 3.1041970482648584
-4.829090909090909 3.5473636363636363
-8.289 4.220666666666666
-0.7132000000000001 9.203
-0.5408000000000001 3.856
-2.13825 1.855
-3.050333333333333 3.1783333333333332
-0.567 6.0215
-0.54025 4.7635000000000005
-2.0726 1.8182
-9.878407259672915 3.1066186677303547
-9.896656162744316 3.1056872756282408
-0.54025 4.7635000000000005
-7.91425 9.7335
-4.807666666666667 3.5465
-5.186 10.3544
-1.7326000000000001 2.7834
-3.521166666666667 7.732
-1.8425757575757575 3.5297272727272726
-7.514 1.8816666666666668
-0.5805 6.44425
-1.7068 3.1542
-3.66925 4.854
-5.163 10.0368
-0.5998 7.2604
-1.7777500000000002 2.1345
-6.231999999999999 3.6777142857142855
-2.3625 8.05925
-0.6085 7.8505
-0.6056 7.6537999999999995
-3.1275 10.6775
-0.6113999999999999 8.0472
-0.9236666666666667 10.064
-0.8485 9.756499999999999
-2.0805 10.702250000000001
-0.73575 9.29525
-7.859 4.859
-6.3304 3.7112
-7.7835 4.5195
-2.4186666666666667 10.148666666666667
-6.111 10.007333333333333
-4.387 10.6558
-4.1815 10.65175
-2.8903333333333334 10.688333333333334
-10.1965 4.193
-2.6807499999999997 3.55425
-5.8855 10.1735
-6.5432500000000005 10.6875
-5.7501999999999995 10.273200000000001
-8.359666666666667 9.52
-8.349 9.054
-7.9345 5.1985
-6.557 9.945
-7.1029 9.698400000000001
-7.0127500000000005 9.694500000000001
-8.357 9.403500000000001
-9.3982 9.7098
-6.6316 3.2344
-6.9226 9.6906
-10.0522 9.1434
-7.91425 9.7335
-8.0044 9.737400000000001
-8.349 9.054
-7.076666666666666 2.3006666666666664
-7.643800000000001 9.7218
-9.48825 4.63075
-6.206666666666667 2.5308333333333337
-9.0085 3.36025
-8.354333333333333 9.287
-8.359666666666667 9.52
-7.4635 9.714
-8.349 9.054
-5.047000000000001 8.442
-5.075200000000001 8.8272
-0.6874285714285714 9.097571428571428
-4.5836250000000005 9.079875
-3.5544 10.658
-10.053596729158356 3.0976773035500598
-0.6172 8.4406
-0.73575 9.29525
-3.786 9.859
-0.567 6.0215
-1.4095 10.68675
-0.6113999999999999 8.0472
-0.8936000000000001 9.940999999999999
-2.8903333333333334 10.688333333333334
-0.5988333333333333 7.194833333333333
-5.540571428571429 2.794857142857143
-0.8485 9.756499999999999
-2.3986896551724133 10.436655172413793
-0.5406000000000001 4.186
-0.57375 6.232875
-2.2373125 9.976375
-2.633592740327085 3.476381332269645
-4.130002792181891 3.4000071798962903
-4.700545454545455 3.542181818181818
-3.2154285714285713 4.481142857142857
-2.8604000000000003 2.2598000000000003
-3.793 3.5505
-3.04125 3.27475
-6.9226 9.6906
-0.6056 7.6538
-3.086666666666667 2.792666666666667
-0.5998 7.2604
-2.5696666666666665 3.551
-3.8125 10.251999999999999
-14.324333333333334 5.7603333333333335
-7.9684 2.7734
-10.756777777777778 9.709444444444443
-1.9975714285714288 1.7761428571428572
-17.7355005 1.8905
-12.92675 5.31775
-5.514666666666667 3.5749999999999997
-19.753501 3.4795
-6.273 3.6916666666666664
-18.278 6.787
-11.213999999999999 1.695
-13.342785714285714 8.090214285714286
-17.135 8.72925
-8.0566 4.2044
-10.062142857142858 9.296999999999999
-12.014999999999999 1.617
-10.946285714285713 2.0585714285714287
-17.2969992 3.7126
-17.8940004 1.895
-10.8355 4.099571428571428
-9.4465 3.6944999999999997
-10.522333333333332 3.0644444444444443
-12.889086956521739 4.179130434782609
-9.78925 3.07975
-15.069666666666667 3.9183333333333334
-10.889 2.3895
-12.620181818181818 4.198545454545455
-15.9939995 4.062
-9.82375 4.2475
-9.44425 3.39075
-7.9345 5.1985
-9.448 3.897
-13.353714285714286 3.077142857142857
-19.753501 3.4795
-9.4808 4.5649999999999995
-9.983428571428572 5.179
-12.2286 1.5962
-7.059285714285714 1.4855714285714285
-12.996 8.488
-11.213999999999999 1.695
-12.56342857142857 1.7568571428571427
-11.267399999999999 1.6898
-9.448 3.897
-8.3458 8.914200000000001
-18.4964 5.4314
-9.282 5.6012
-18.3075 9.161999999999999
-12.029499999999999 9.720749999999999
-17.1900008 5.4634
-20.7648006 3.6286
-10.48375 3.06525
-18.984800800000002 3.0490000000000004
-17.491666 3.9416666666666664
-13.596695652173914 3.9630434782608694
-15.048 4.1274999999999995
-14.617166666666668 4.664166666666667
-18.646750750000002 8.0555
-19.360801000000002 3.3916
-17.5889994 4.0562000000000005
-18.646750750000002 8.0555
-20.370801 4.6106
-23.330499 3.615
-18.827286285714287 4.084714285714286
-20.39914385714286 3.8604285714285713
-21.901363545454544 4.824454545454545
-19.360801000000002 3.3916
-20.384751 4.241375
-17.4237994 3.3618
-20.912000666666668 3.070333333333333
-24.2550005 6.541
-24.265600600000003 6.715199999999999
-20.524000333333333 5.136
-24.078801 8.2358
-20.080751000000003 3.55275
-24.002401 8.5104
-23.93325025 5.44375
-23.587714857142856 5.152857142857142
-24.237333666666668 6.250666666666667
-20.701999666666666 5.005
-20.361501 4.85675
-23.664500500000003 5.217499999999999
-24.284445222222224 7.0248888888888885
-20.81224975 7.256
-20.905332333333334 8.923666666666668
-24.272667333333334 6.831333333333333
-22.0035 4.8195
-23.93325025 5.44375
-20.361501 4.85675
-23.246445333333334 4.865555555555555
-23.3061675 4.9158333333333335
-22.0035 4.8195
-20.937665666666664 9.379333333333333
-20.7464995 4.97225
-20.377001 4.4465
-21.7459995 3.63575
-20.366667666666668 4.720000000000001
-20.370801 4.6106
-22.175714142857146 2.1944285714285714
-19.535334333333335 3.4306666666666668
-12.3265 4.1785
-15.200333333333333 9.228333333333333
-12.0364 9.6612
-15.4913998 3.4738
-15.924 9.77
-16.984333 2.868666666666667
-14.946 9.4695
-13.519666666666668 4.391666666666667
-17.8940004 1.895
-16.689665833333333 3.3908333333333336
-17.279 7.5360000000000005
-14.648 9.263
-12.900500000000001 9.67225
-17.0288 8.9562
-15.21125 9.340250000000001
-17.7964 6.7562
-15.924 9.77
-14.8624 9.6704
-15.21125 9.340250000000001
-5.962 2.1693333333333333
-14.767 9.669
-14.8624 9.6704
-11.21725 9.729
-5.966666666666667 3.228666666666667
-2.421333333333333 9.587333333333333
-2.117166666666667 10.397333333333334
-13.717600000000001 9.653599999999999
-14.0992 9.6592
-9.794666666666666 9.459999999999999
-9.6565 9.699
-7.4635 9.714
-12.029499999999999 9.720749999999999
-8.7094 9.7386
-3.48325 10.661249999999999
-4.3785 7.765499999999999
-2.3537142857142856 7.921142857142858
-17.945201 4.4226
-20.26255655555556 3.593444444444444
-16.150666666666666 9.801333333333334
-11.2926 9.732199999999999
-22.032665666666666 9.477666666666666
-16.159000600000002 3.0228
-14.0992 9.6592
-4.9254999999999995 3.55125
-18.517333333333333 5.661
-6.6748 3.8284
-14.738888888888889 5.475999999999999
-16.9554006 2.1682
-18.2614002 3.3474000000000004
-13.177333333333333 9.106666666666666
-17.039199399999998 3.725
-18.736714714285714 4.335285714285714
-12.282 1.591
-6.524 3.2943333333333333
-17.281999499999998 9.8585
-6.5968 2.5768
-9.44875 3.9982499999999996
-11.175857142857142 1.6987142857142858
-12.19525 2.9455
-10.944857142857142 2.7337142857142855
-7.526285714285714 1.9978571428571428
-9.56275 5.28825
-3.474 7.7322
-9.05942857142857 5.206428571428571
-9.82375 4.2475
-9.817 3.33625
-12.4365 3.0549999999999997
-2.7464444444444442 3.1433333333333335
-9.57525 4.283833333333333
-9.484111111111112 4.594222222222221
-1.5181428571428572 3.525142857142857
-0.7362307692307692 3.2406153846153845
-6.763999999999999 2.5965
-7.361142857142857 2.666857142857143
-4.2604 3.5423999999999998
-0.558 5.7396666666666665
-0.6113999999999999 8.0472
-0.5805 6.44425
-7.5484 2.207
-9.473281611487835 3.1272955723972875
-3.175142857142857 4.297714285714285
-1.201 3.525421052631579
-4.798 3.363833333333333
-2.7540355005983255 3.470234144395692
-2.0561875 1.8090000000000002
-2.6853333333333333 2.1616666666666666
-4.171333333333333 7.754
-2.6853333333333333 2.1616666666666666
-1.396 3.5252499999999998
-6.2623999999999995 2.5374000000000003
-2.1116741124850424 3.5030191463901077
-1.4095 10.68675
-5.279 3.5655
-0.8936000000000001 9.940999999999999
-6.076333333333333 2.6381666666666668
-1.729375 2.8297499999999998
-0.6054285714285714 7.696571428571428
-5.872999999999999 10.848500000000001
-0.792125 9.525875
-6.205 10.93675
-5.0705 8.763
-0.823 3.1137777777777775
-0.61575 8.34225
-5.9748 9.438600000000001
-11.9424 9.7256
-0.5862857142857143 6.6254285714285714
-4.866499999999999 10.66525
-6.22375 9.92425
-6.819571428571429 9.686142857142858
-6.5432500000000005 10.6875
-3.5665714285714287 7.9159999999999995
-8.407499999999999 5.55775
-7.3213333333333335 2.662166666666667
-0.6113999999999999 8.0472
-0.576 6.303333333333334
-8.248666666666667 5.1295
-2.6957500000000003 7.7355
-8.978125 9.222
-6.555 2.571875
-6.076333333333333 2.6381666666666668
-8.664689655172413 3.5769655172413795
-5.750333333333333 3.5845
-10.029 8.785
-9.1605 4.281666666666666
-6.5520000000000005 10.215
-7.91425 9.7335
-8.358600000000001 9.4734
-10.0348 8.8746
-7.91425 9.7335
-17.2071675 1.8755000000000002
-8.3522 9.1938
-8.3458 8.914200000000001
-7.9345 5.1985
-10.0145 8.561
-6.4152000000000005 9.6159
-8.164666666666667 9.744333333333334
-7.4635 9.714
-8.357 9.403500000000001
-0.8485 9.756499999999999
-3.8178 10.3306
-0.9816 9.2092
-5.075200000000001 8.8272
-1.73905 2.6906999999999996
-0.8034 9.572
-4.1918 4.8624
-0.5616 5.8524
-0.5616 5.8524
-4.2045 9.173333333333334
-4.866499999999999 10.66525
-0.5998 7.2604
-0.60125 7.35875
-0.5831999999999999 6.5288
-1.2976666666666667 10.684166666666666
-3.48325 10.661249999999999
-2.383 8.381499999999999
-0.6981666666666667 9.1415
-0.96125 10.21775
-6.2623999999999995 2.5374000000000003
-2.855 10.164333333333333
-1.761787878787879 3.5273636363636363
-3.155 4.2059999999999995
-0.7690000000000001 3.5258
-1.9437777777777778 1.8813333333333333
-3.050333333333333 3.1783333333333337
-0.5616 5.8524
-3.533333333333333 3.555
-2.383 8.381499999999999
-2.8604000000000003 2.2598000000000003
-7.4635 9.714
-5.18025 10.275
-4.06775 7.74825
-1.9686666666666666 10.699666666666667
-4.0424999999999995 4.859999999999999
-2.2142 3.5406
-5.387499999999999 4.233
-5.117 9.4016
-9.736777777777778 5.332666666666666
-0.5998 7.2604
-3.0321666666666665 3.371166666666667
-0.5535 5.59875
-0.6085 7.8505
-2.0445454545454544 3.5356363636363635
-0.8260000000000001 3.52575
-12.282 1.591
-12.639199999999999 9.6868
-9.4465 3.6944999999999997
-19.426251 3.40625
-7.2832 9.7062
-4.73475 4.53825
-0.5535 5.59875
-11.908199999999999 1.6274
-15.58599975 3.46725
-18.5435 5.948
-8.1365 9.912
-14.746625 5.78325
-17.4237994 3.3618
-15.416333333333334 9.565583333333333
-12.7535 3.8845
-13.813 9.655
-7.4635 9.714
-4.025142857142857 4.098857142857143
-10.6935 4.120333333333333
-9.445 3.492
-12.5692 1.8336
-9.102400000000001 4.2776
-5.514666666666667 3.5749999999999997
-9.82375 4.2475
-8.359666666666667 9.52
-10.1965 4.193
-9.692 3.253166666666667
-6.8946000000000005 1.4898
-15.090399999999999 3.9594
-12.62475 2.57225
-9.44875 3.9982499999999996
-16.248199399999997 3.4214
-23.1335 1.956
-11.28575 3.0204999999999997
-17.1463996 9.8596
-8.645999999999999 5.5696
-6.8469999999999995 3.8869999999999996
-4.2604 3.5423999999999998
-10.555 3.3068
-17.59825025 7.1585
-17.419999833333335 8.601333333333335
-23.559499875 2.1615
-18.633000333333335 7.363
-18.570666833333334 4.794666666666666
-18.702750375 4.42925
-15.924 9.77
-15.1654 8.8702
-20.377001 4.4465
-17.216000428571427 6.047285714285715
-15.069666666666667 3.9183333333333334
-13.89995652173913 3.8704347826086956
-15.349499875 3.483625
-16.246749375 3.88875
-16.8872 9.2588
-17.055999666666665 9.860333333333333
-20.710400800000002 3.2926
-23.583499 3.609666666666667
-20.45750075 5.663250000000001
-22.950999 3.623
-21.315200400000002 2.6258
-23.244999999999997 9.042
-22.729 1.957
-22.2436 1.9582000000000002
-20.892399 8.7414
-20.859499166666666 8.198666666666666
-21.7459995 3.63575
-20.390286714285715 4.094857142857143
-18.13175025 1.90175
-21.628999666666665 4.837666666666666
-20.897249 8.809750000000001
-17.1060005 3.4165
-20.827999555555557 7.570222222222222
-22.571499 3.631
-20.078786714285716 4.852571428571428
-24.231601 7.6866
-20.8540005 3.62925
-20.778285095238093 4.948857142857142
-15.009 4.504
-23.6813325 3.331666666666667
-17.878999125 9.66525
-22.890800000000002 1.9566000000000001
-17.7355005 1.8905
-22.697999 3.6283333333333334
-18.20157157142857 3.3484285714285718
-18.646750750000002 8.0555
-17.055999666666665 9.860333333333333
-20.786000750000003 3.20925
-21.8351994 3.6363999999999996
-24.021501 8.44175
-18.799857857142857 3.3381428571428575
-18.4812505 8.8165
-18.13175025 1.90175
-10.9238 1.9884
-18.644000666666667 7.917
-18.50425 5.5175
-17.419999833333335 8.601333333333335
-17.29 7.807666666666667
-17.2625 7.128500000000001
-17.80009090909091 5.978272727272727
-18.14275025 5.1025
-13.8855 4.4825
-14.304304347826086 3.7469565217391305
-18.4812505 8.8165
-16.94299975 9.86125
-17.055999666666665 9.860333333333333
-12.6298 2.6394
-14.8624 9.6704
-14.4808 9.6648
-15.584 9.723
-15.933333333333334 9.234333333333334
-15.584 9.723
-14.0992 9.6592
-12.029499999999999 9.720749999999999
-17.62099925 9.85575
-11.403500000000001 4.1155
-13.648666666666667 5.7236666666666665
-16.622666666666667 8.792666666666667
-14.224499999999999 8.9905
-17.62099925 9.85575
-14.767 9.669
-1.4095 10.68675
-2.4035 8.70375
-10.9912 9.719399999999998
-0.5403333333333333 4.626
-12.2908 9.706199999999999
-10.46375 9.697
-2.117166666666667 10.397333333333334
-8.7955 9.735
-8.0044 9.737400000000001
-5.4746 10.742600000000001
-6.5495 10.350000000000001
-4.752333333333333 10.663
-4.8218000000000005 9.0818
-5.0376 8.3136
-5.54725 10.42275
-8.10742857142857 9.741857142857143
-1.9686666666666666 10.699666666666667
-0.73575 9.29525
-0.5406000000000001 4.186
-0.60125 7.35875
-3.5946 4.8528
-0.9838 10.31
-0.96125 10.21775
-12.2908 9.706199999999999
-0.8034 9.572
-3.7510000000000003 8.0665
-5.9628 3.1555999999999997
-7.9705 9.867875
-1.5213333333333332 10.689333333333334
-1.4095 10.68675
-6.8834285714285715 2.6105714285714288
-7.677142857142857 3.7557142857142853
-2.7462857142857144 7.735285714285714
-10.271 4.8505
-2.3475 3.5445
-4.524 10.6585
-2.42 9.868
-10.1365 3.0725
-0.9970000000000001 3.5256
-4.752333333333333 10.663
-8.809285714285714 8.349857142857143
-4.2956666666666665 10.654
-13.1755 4.091666666666667
-10.0045 3.4608749999999997
-4.1815 10.65175
-2.518875 7.73625
-2.01425 3.53475
-8.3394 8.6346
-6.792999999999999 3.1445
-13.0504 8.673599999999999
-6.9226 9.6906
-4.502800000000001 7.7724
-6.111 10.007333333333333
-6.9226 9.6906
-7.627 3.0662499999999997
-5.7032 3.5826
-10.850333333333333 2.835166666666667
-1.9686666666666666 10.699666666666667
-3.202 4.42
-9.893006382130036 3.1058735540486637
-0.5535 5.59875
-9.371153846153847 8.881615384615385
-6.2623999999999995 2.5374000000000003
-9.249764705882352 4.137882352941176
-1.772058823529412 2.2162941176470587
-18.329875125 1.907375
-12.765 3.993
-2.188319505384923 3.4991072995612287
-11.091666666666667 9.723666666666666
-17.304666666666666 8.16988888888889
-12.290799999999999 9.706199999999999
-13.256666666666668 9.377333333333333
-16.374332666666664 3.412666666666667
-19.68077877777778 3.4632222222222224
-16.835284857142856 9.82842857142857
-19.589876 3.442875
-20.04438988888889 3.544611111111111
-17.1418006 4.793
-19.622601000000003 3.4502
-16.159000600000002 3.0228
-12.231833333333334 4.225333333333333
-10.8865 3.5709999999999997
-12.7604 3.9495999999999998
-17.519364272727273 1.8843636363636365
-16.9925994 3.0688000000000004
-16.374332666666664 3.412666666666667
-18.562538615384614 4.817153846153846
-17.282 7.61009090909091
-19.575286285714288 4.252142857142857
-20.401112111111114 3.808333333333333
-0.7291176470588236 6.050588235294118
-17.491666 3.9416666666666664
-15.2960001 3.3368
-18.5592 6.1202000000000005
-3.3255999999999997 3.5586
-12.7535 3.8845
-18.392666666666667 6.794333333333333
-18.191666333333334 9.392333333333333
-17.8303992 9.5526
-19.671688500000002 3.4611875
-4.35275 10.655125
-7.859 4.859
-18.799857857142857 3.3381428571428575
-7.859 4.859
-9.930250000000001 4.231928571428571
-17.7007994 9.2522
-9.525500000000001 4.9595
-9.48825 4.63075
-11.586618857142856 9.713761904761904
-7.669428571428571 3.6496428571428567
-7.5355 2.085
-2.791833333333333 3.5575
-0.6793750000000001 9.064625
-2.5602857142857145 2.0915714285714286
-7.519375 1.9325
-3.023083333333333 3.4675833333333332
-3.0685000000000002 2.9855
-2.2284670921420027 3.4970582369365775
-10.897285714285713 2.294
-16.59957064285714 3.3970714285714285
-5.957 3.0460000000000003
-5.957 3.0460000000000003
-2.625 7.7358
-1.724 2.907
-3.155 4.2059999999999995
-5.583333333333334 9.281
-6.9226 9.6906
-2.6355 10.437166666666668
-2.9170000000000003 2.5667142857142857
-4.69525 10.661875
-10.897285714285713 2.294
-3.964166666666667 7.7425
-10.058 9.232999999999999
-4.7476666666666665 3.5815
-5.957 3.0460000000000003
-3.964166666666667 7.7425
-7.859 4.859
-3.8125 10.251999999999999
-2.8444285714285713 3.532285714285714
-2.8374 3.5298
-5.156727272727273 9.950181818181818
-5.345615384615384 9.135461538461538
-0.7362307692307692 3.2406153846153845
-2.4665 2.039
-3.7936666666666663 4.856
-2.0726 1.8182
-9.447733147187874 3.1285995213402473
-0.7132000000000001 9.203
-4.122703230953332 3.400379736737136
-6.531558436378141 3.2774359792580774
-3.469392500997208 3.43372357399282
-2.575196250498605 3.47936178699641
-4.546077782209813 3.378771439968089
-4.520529317909853 3.380075388911049
-9.44875 3.9982499999999996
-7.489428571428571 1.6492857142857145
-6.818 3.339
-1.301 3.525333333333333
-4.807666666666667 3.5465
-5.7585 2.6278750000000004
-5.7585 2.6278750000000004
-0.9988333333333334 10.371500000000001
-5.25 3.0175
-4.0935049860390915 3.4018699641005186
-0.5408333333333334 3.8009999999999997
-10.389376545672118 3.0805396888711605
-0.567 6.0215
-12.673 3.125
-5.7585 2.6278750000000004
-2.360222222222222 8.023444444444443
-0.7132000000000001 9.203
-0.5831999999999999 6.5288
-4.585666666666667 7.777
-3.0745 9.8915
-0.8485 9.756499999999999
-6.5432500000000005 10.6875
-9.445 3.492
-7.391 2.670375
-2.0805 10.702250000000001
-6.013 1.6763333333333335
-9.766428571428571 8.539285714285715
-4.68925 7.78275
-15.1916 9.1388
-7.283200000000001 9.7062
-4.911 3.27725
-5.5863 3.2102000000000004
-6.273 3.6916666666666664
-5.0705 8.763
-7.47616 1.5238
-5.4193999999999996 10.610733333333334
-10.010875 8.504999999999999
-13.9865 5.742
-9.372857142857143 5.605714285714286
-6.273 3.6916666666666664
-6.273 3.6916666666666664
-5.117 9.4016
-0.8936000000000001 9.940999999999999
-5.5884285714285715 10.772857142857143
-10.557266453928998 3.071970881531711
-10.557266453928998 3.071970881531711
-10.553616673314718 3.072157159952134
-10.058 9.232999999999999
-6.862500000000001 9.688
-7.49275 4.10675
-7.49275 4.10675
-7.7684 4.4516
-8.29 3.2560000000000002
-17.1332505 4.704000000000001
-8.214 2.8256666666666668
-3.0899230769230766 3.909692307692308
-0.5535 5.59875
-10.010875 8.504999999999999
-7.1498333333333335 9.907333333333334
-10.480461538461538 3.777230769230769
-9.874230769230769 8.445923076923076
-8.7094 9.7386
-5.619 9.474333333333334
-7.0127500000000005 9.694500000000001
-4.2956666666666665 10.654
-7.5760000000000005 9.98275
-3.1275 10.6775
-4.524 10.6585
-7.0127500000000005 9.694500000000001
-6.862500000000001 9.688
-6.557833333333334 9.9
-5.9748 9.438600000000001
-1.4597142857142857 10.206714285714286
-4.640333333333333 9.080333333333334
-3.8036666666666665 10.121
-0.792125 9.525875
-2.0382857142857143 9.498285714285714
-0.96125 10.21775
-1.6525714285714286 9.970571428571429
-2.77175 10.693750000000001
-3.2213125000000002 9.2019375
-0.5831999999999999 6.5288
-2.77175 10.693750000000001
-6.3365 9.841166666666668
-0.8485 9.756499999999999
-3.8213333333333335 10.383
-0.7689999999999999 3.5258
-1.9975714285714286 1.7761428571428572
-4.807666666666667 3.5465
-4.807666666666667 3.5465
-4.980401675309135 3.356604307937774
-1.9975714285714288 1.7761428571428572
-9.385686876745114 3.131766254487435
-1.9437777777777778 1.8813333333333333
-4.7021999999999995 4.338
-1.975111111111111 2.024
-0.5768888888888889 6.801777777777778
-3.04125 3.27475
-2.6126666666666667 2.933
-6.363668528121261 3.286004786597527
-2.6126666666666667 2.933
-0.9209999999999999 3.5256666666666665
-2.3966666666666665 8.596333333333334
-4.291333333333333 4.864
-5.1613 3.864
-6.5432500000000005 10.6875
-7.11075 1.48425
-3.749615384615385 8.143923076923077
-10.513469086557638 3.0742062225767848
-9.44425 3.39075
-6.015428571428572 1.652857142857143
-2.084939393939394 3.5368181818181816
-4.6805 4.2044999999999995
-0.567 6.0215
-1.3010000000000002 3.525333333333333
-4.774 3.545142857142857
-9.500666666666667 4.740333333333333
-17.62099925 9.85575
-11.342833333333333 9.734333333333332
-7.059285714285714 1.4855714285714285
-7.615428571428571 2.907142857142857
-12.029499999999999 9.720749999999999
-7.8892 4.9948
-9.78925 3.07975
-9.7492 4.2584
-9.7426 9.6954
-6.187749999999999 3.4816249999999997
-10.91425 3.8274999999999997
-14.506478260869565 3.685217391304348
-9.500666666666667 4.740333333333333
-6.315666666666667 10.966166666666666
-11.091666666666667 9.723666666666666
-0.567 6.0215
-2.77175 10.693750000000001
-10.0474 4.214799999999999
-9.4474 3.816
-12.172666666666666 4.168
-11.6138 3.5187999999999997
-7.2138333333333335 1.6455000000000002
-9.7198 3.0812
-12.282 1.591
-11.21725 9.729
-10.944857142857142 2.7337142857142855
-15.048 4.1274999999999995
-10.029 8.785
-18.644000666666667 7.917
-6.187749999999999 3.4816249999999997
-18.738251 7.507625
-14.176727090909091 9.685272727272727
-9.225999999999999 9.716999999999999
-12.900500000000001 9.67225
-15.156666666666666 8.780666666666667
-17.7355005 1.8905
-18.5918002 4.7362
-16.974 2.6185
-19.047900300000002 4.6487
-12.282 1.591
-9.4465 3.6944999999999997
-10.368 3.0676666666666668
-11.352222222222222 4.112
-18.633000333333335 7.363
-16.295499375 3.4181250000000003
-17.633199599999998 3.3582
-20.80935692857143 7.198285714285714
-22.729 1.957
-18.6484008 8.1386
-17.5770006 1.8860000000000001
-10.356250000000001 4.169642857142857
-22.799198999999998 3.6262
-20.5244006 5.901
-20.369251000000002 4.651625
-17.08709181818182 1.8720909090909092
-18.9722008 3.6838
-20.26255655555556 3.593444444444444
-16.95185785714286 2.0824285714285713
-20.392501000000003 4.03625
-20.524000333333333 5.136
-18.6802006 3.3402000000000003
-22.950999 3.623
-20.354858142857143 5.032571428571429
-22.799198999999998 3.6262
-20.5690005 6.0595
-22.94285657142857 2.900714285714286
-23.268333333333334 1.9556666666666667
-20.54942880952381 5.117285714285714
-20.383201000000003 4.2824
-20.377001 4.4465
-20.435000666666667 5.2015
-22.99866666666667 1.9563333333333335
-23.1335 1.956
-20.921498999999997 9.1515
-23.1335 1.956
-20.383201000000003 4.2824
-23.244999999999997 9.042
-23.623333888888887 8.899222222222223
-21.50133233333333 9.656333333333334
-24.2232002 6.0184
-24.117001000000002 8.0985
-23.1087998 9.093399999999999
-20.859499166666666 8.198666666666666
-23.320666777777777 9.013444444444444
-20.7464995 4.97225
-20.744000777777778 3.2555555555555555
-20.080751000000003 3.55275
-18.633667222222222 3.341
-23.989667666666666 8.556166666666666
-20.81224975 7.256
-23.843667 5.368333333333333
-21.288798999999997 9.7278
-23.3812002 8.9906
-24.231601 7.6866
-24.265600600000003 6.7152
-20.905332333333334 8.923666666666668
-24.2444004 6.3668
-24.078801 8.2358
-24.035143857142856 8.392714285714286
-24.2232002 6.0184
-20.867427714285714 5.156571428571429
-21.002667000000002 3.630333333333333
-21.597333 3.6346666666666665
-22.29833233333333 9.388333333333334
-21.54200025 2.37575
-21.368499 9.701
-20.395601000000003 3.9542
-16.974 2.6185
-20.394223222222223 3.990666666666667
-21.172571571428573 3.6315714285714282
-24.119307769230772 5.600384615384615
-24.082555666666668 5.569444444444445
-20.88685614285714 8.663285714285713
-20.395601000000003 3.9542
-20.889165666666667 8.695833333333333
-22.2282002 4.808599999999999
-17.843385153846153 5.915153846153846
-18.5755005 3.342
-20.366667666666668 4.720000000000001
-20.366667666666668 4.720000000000001
-19.003834166666667 3.096333333333334
-8.289 4.220666666666666
-13.519666666666668 4.391666666666667
-20.080751000000003 3.55275
-19.847001000000002 3.5004285714285714
-19.360801000000002 3.3916
-17.2071675 1.8755000000000002
-3.66925 4.854
-17.2724 7.373
-19.97166766666667 3.5283333333333333
-16.689665833333333 3.3908333333333336
-15.924 9.77
-18.8706006 2.765
-18.63025025 7.2245
-16.464427857142855 3.4064285714285716
-16.150666666666666 9.801333333333334
-17.281999499999998 9.8585
-16.829999833333332 9.862166666666667
-18.623166833333332 2.1496666666666666
-10.889 2.3895
-14.7809996875 9.7120625
-14.8624 9.6704
-13.717600000000001 9.653599999999999
-10.589333333333332 9.702333333333332
-5.828 9.3795
-10.46375 9.697
-1.2082000000000002 10.6821
-0.6085 7.8505
-9.3982 9.7098
-8.939 9.729
-3.744076923076923 8.453615384615384
-0.5402 4.846
-3.26075 4.6875
-3.3646666666666665 10.666666666666666
-7.6137500000000005 9.720500000000001
-8.3394 8.6346
-9.4438 3.33
-7.91425 9.7335
-9.513 9.705
-8.7094 9.7386
-0.6085 7.8505
-7.764 9.727
-11.091666666666667 9.723666666666666
-0.8485 9.756499999999999
-7.163 9.701
-1.7584 2.4126000000000003
-10.400325887514958 3.079980853609892
-0.961 3.5256315789473684
-3.099277777777778 10.421777777777779
-2.8903333333333334 10.688333333333334
-11.091666666666667 9.723666666666666
-6.7103976864778625 3.268308336657359
-1.6525714285714286 9.970571428571429
-11.21725 9.729
-2.6957500000000003 7.7355
-5.227454545454545 9.137727272727272
-0.5467500000000001 5.3873750000000005
-0.5535 5.59875
-0.5724 6.1906
-1.24275 10.472375
-0.5998 7.2604
-6.22375 9.92425
-1.299 10.403500000000001
-1.299 10.403500000000001
-4.07325 9.07575
-0.9236666666666667 10.064
-2.199 9.3015
-0.8034 9.572
-1.344 10.3484
-0.558 5.7396666666666665
-2.5696666666666665 3.551
-0.5535 5.59875
-0.5404 4.516
-5.7032 3.5826
-3.7506666666666666 9.335
-1.8160418827283618 3.518107698444356
-21.399111 3.633222222222222
-0.5403333333333333 4.626
-0.5406000000000001 4.186
-3.6372 3.5532
-0.5407500000000001 3.9385
-2.4888787878787877 3.548636363636364
-2.1616666666666666 3.1523333333333334
-1.6885555555555558 3.0286666666666666
-2.1116741124850424 3.5030191463901077
-1.9476 3.5328
-5.024 3.1906666666666665
-0.5407500000000001 3.9385
-5.25 3.0175
-1.7068 3.1542
-1.1110000000000002 3.5255
-1.7068 3.1542
-5.9744 3.3748
-5.0705 8.763
-9.798112086158755 3.1107167929796566
-10.48375 3.06525
-7.8892 4.9948
-12.899000000000001 5.0962000000000005
-12.825000000000001 4.5054
-1.4095 10.68675
-7.8892 4.9948
-6.554307692307693 10.090384615384616
-7.646285714285714 3.331428571428571
-3.1766923076923077 4.304769230769231
-5.9512 2.9364
-8.645999999999999 5.5696
-7.9345 5.1985
-17.2600008 1.877
-2.77175 10.693750000000001
-19.426251 3.40625
-6.346 2.54725
-0.6172 8.4406
-16.374332666666664 3.412666666666667
-5.514666666666667 3.5749999999999997
-6.094333333333333 10.907333333333334
-10.0435 9.009
-0.5815 7.005
-11.213999999999999 1.695
-11.437333333333333 3.008
-16.374332666666664 3.412666666666667
-4.1129999999999995 10.6504
-6.315666666666667 10.966166666666666
-5.6325 3.5797499999999998
-6.908285714285714 3.080285714285714
-10.1365 3.0725
-10.0348 8.8746
-9.791714285714285 5.398
-0.9970000000000001 3.5256
-0.826 3.52575
-4.8548 3.5484
-8.328 5.5538
-2.544142857142857 7.736142857142857
-12.765 3.993
-6.5495 10.350000000000001
-18.8135005 2.623
-11.2224 3.2883999999999998
-9.21175 3.0380000000000003
-6.557833333333334 9.9
-12.742 3.776
-13.744666666666667 3.171111111111111
-7.526285714285714 1.9978571428571428
-13.7838 5.731
-9.4465 3.6944999999999997
-18.75000066666667 3.3390000000000004
-9.525500000000001 4.9595
-10.6438 4.127599999999999
-7.630857142857143 3.119285714285714
-15.0805 3.8137499999999998
-17.268 7.264333333333334
-1.4047857142857143 3.5283571428571427
-7.758333333333334 4.406333333333333
-6.187749999999999 3.4816249999999997
-17.7355005 1.8905
-13.546111111111111 2.3175
-15.162125 8.836625
-9.550333333333333 5.1786666666666665
-5.986285714285715 1.9345714285714286
-6.187749999999999 3.4816249999999997
-10.897285714285713 2.294
-15.0805 3.8137499999999998
-5.279 3.5655
-18.0989994 9.5766
-18.191666333333334 9.392333333333333
-18.63025025 7.2245
-10.918 2.05525
-15.428333166666667 3.4781666666666666
-20.353751000000003 5.061875000000001
-7.076666666666666 2.3006666666666664
-5.387499999999999 4.233
-12.719000000000001 3.559
-15.069666666666667 3.9183333333333334
-10.345600000000001 4.1712
-17.603285285714286 3.358714285714286
-7.617999999999999 2.9425
-18.397666533333332 5.722466666666667
-19.14082643478261 4.578826086956521
-15.953888444444443 3.441777777777778
-19.00842942857143 3.5835714285714286
-17.301000000000002 8.079333333333334
-20.818999666666667 7.390666666666666
-20.385455545454548 4.222727272727273
-17.281999499999998 9.8585
-9.5702 5.354
-15.7917996 4.2006
-18.58275 6.3785
-18.63025025 7.2245
-19.478739652173914 4.324739130434782
-20.401112111111114 3.8083333333333336
-20.5690005 6.0595
-20.080751000000003 3.55275
-20.366667666666668 4.720000000000001
-22.729 1.957
-19.97166766666667 3.5283333333333333
-21.617600200000002 2.2924
-20.361501 4.85675
-23.1087998 9.093399999999999
-23.077499 3.6203333333333334
-20.7464995 4.97225
-18.644000666666667 7.917
-23.077499 3.6203333333333334
-21.1216002 3.6311999999999998
-22.799198999999998 3.6262
-20.39914385714286 3.8604285714285713
-21.288798999999997 9.7278
-16.626599199999998 3.3952
-19.608056555555557 3.4469444444444446
-20.797785642857143 6.967428571428572
-20.383201000000003 4.2824
-24.048428714285716 5.5407142857142855
-20.842285142857143 5.7217142857142855
-20.897249 8.809750000000001
-23.9870002 5.489
-21.235665666666666 9.745666666666667
-20.660000833333335 3.3481666666666667
-20.613 5.0705
-24.198858142857144 7.804285714285714
-20.387334333333335 4.173
-20.370801 4.6106
-19.426251 3.40625
-22.799198999999998 3.6262
-20.377001 4.4465
-20.897249 8.809750000000001
-18.8454006 4.0346
-20.4352008 5.5840000000000005
-20.435000666666667 5.2015
-19.159166083333332 3.85825
-20.5244006 5.901000000000001
-20.8243996 7.4984
-22.378000333333333 4.801333333333333
-22.378000333333333 4.801333333333333
-18.62350025 4.6485
-23.6536006 8.8878
-20.35288988888889 5.084666666666667
-22.2282002 4.808599999999999
-23.6536006 8.8878
-22.9044995 9.1705
-21.3293994 4.8522
-20.8243996 7.4984
-20.892399 8.7414
-24.2444004 6.3668
-20.377001 4.4465
-23.5855005 8.913499999999999
-20.189834333333337 3.577166666666667
-20.383201000000003 4.2824
-20.39766766666667 3.8994999999999997
-23.1087998 9.093399999999999
-18.702750375 4.42925
-20.905332333333334 8.923666666666668
-24.155201 7.9612
-20.702800200000002 6.535
-24.117001000000002 8.0985
-21.248000444444447 2.699888888888889
-20.45750075 5.663250000000001
-20.377001 4.4465
-24.03661553846154 5.530769230769231
-24.18066766666667 7.869666666666666
-18.2614002 3.3474000000000004
-20.849856428571428 8.006285714285715
-23.843667 5.368333333333333
-22.0035 4.8195
-20.931199 9.2882
-20.576000888888892 3.440777777777778
-24.021501 8.44175
-21.1216002 3.6311999999999998
-24.021501 8.44175
-20.613600400000003 6.218
-21.607598999999997 9.6206
-21.368499 9.701
-21.4417495 4.84675
-20.4528006 5.188400000000001
-19.97166766666667 3.5283333333333333
-20.805499833333336 7.121333333333333
-20.817142571428572 6.2868571428571425
-22.0831994 2.967
-24.253429571428573 7.608142857142857
-24.2868008 7.0636
-20.390286714285715 4.094857142857143
-19.31716766666667 3.3818333333333337
-23.980572428571428 8.588857142857144
-20.4352008 5.5840000000000005
-20.897249 8.809750000000001
-20.37257242857143 4.563714285714286
-23.16933322222222 9.070555555555556
-20.189834333333337 3.577166666666667
-18.59583333333333 6.522
-13.89995652173913 3.8704347826086956
-20.613 5.0705
-18.59583333333333 6.522
-21.50133233333333 9.656333333333334
-18.2614002 3.3474000000000004
-21.235665666666666 9.745666666666667
-20.859499166666666 8.198666666666666
-24.117001000000002 8.0985
-20.361501 4.85675
-20.361501 4.85675
-20.7464995 4.97225
-20.5690005 6.0595
-19.884401 3.5088
-20.7641250625 6.752937500000001
-24.272667333333334 6.831333333333333
-21.682285285714286 3.6352857142857142
-20.354858142857143 5.032571428571429
-22.950999 3.623
-18.9722008 3.6838
-18.0989994 9.5766
-20.034001000000004 3.5422857142857143
-24.237333666666668 6.250666666666667
-21.3293994 4.8522
-24.237333666666668 6.250666666666667
-20.937665666666664 9.379333333333333
-23.557000600000002 5.127
-20.524000333333333 5.136
-17.589801 2.3075
-16.98245427272727 2.8231818181818182
-17.27 7.313727272727273
-18.635200400000002 7.473800000000001
-8.8725625 3.7998125
-19.753501 3.4795
-18.887667333333333 3.917666666666667
-16.999362818181815 3.2325454545454546
-15.924 9.77
-5.986285714285715 1.9345714285714286
-17.211000499999997 5.9350000000000005
-16.9801998 2.7686
-19.753501 3.4795
-18.2638335 1.9055
-15.129375 8.500875
-18.62350025 4.6485
-19.478739652173914 4.324739130434782
-17.5770006 1.8860000000000001
-19.898945444444447 3.5120555555555555
-19.847001000000002 3.5004285714285714
-18.4812505 8.8165
-10.855857142857142 2.7714999999999996
-18.554750650000003 3.5819
-12.0364 9.6612
-18.6418006 7.8062000000000005
-13.704875 8.139875
-17.2955 7.9435
-3.4034999999999997 3.55725
-18.646750750000002 8.0555
-12.174666666666667 9.712666666666665
-18.491166666666665 5.374
-20.117112111111112 3.560888888888889
-12.0364 9.6612
-13.197333333333333 3.0395555555555553
-15.743666333333332 3.4563333333333333
-20.080751000000003 3.55275
-17.1463996 9.8596
-10.946285714285713 2.0585714285714287
-17.7355005 1.8905
-11.967875 2.96425
-18.611154615384617 7.690076923076923
-18.357143 9.063285714285714
-13.0984 8.1892
-17.2955 7.9435
-12.639199999999999 9.6868
-7.808666666666666 4.632666666666666
-19.535334333333335 3.4306666666666668
-18.849251000000002 6.223125
-15.1785 9.0045
-17.539635454545454 9.834363636363635
-15.1785 9.0045
-18.5435 5.948
-6.942666666666667 3.9195555555555552
-18.2638335 1.9055
-16.06 9.7888
-20.392501000000003 4.03625
-14.362 8.23
-18.738251 7.507625
-16.374332666666664 3.412666666666667
-7.7684 4.4516
-15.026333333333334 4.336666666666667
-16.829999833333332 9.862166666666667
-16.332 9.826400000000001
-12.290799999999999 9.706199999999999
-14.35142857142857 8.896571428571429
-15.9939995 4.062
-12.2286 1.5962
-9.8684 5.3104
-15.0226 5.3376
-3.0685000000000002 2.9855
-12.732800000000001 3.6892
-4.415749999999999 4.866
-13.5137 9.5165
-14.292 3.3026666666666666
-8.964 5.5854
-6.547 10.485000000000001
-11.748 1.643
-14.637444444444444 3.986
-11.7405 2.9829999999999997
-9.962875 3.076125
-6.5495 10.350000000000001
-4.9254999999999995 3.55125
-7.630857142857143 3.119285714285714
-12.227454545454545 9.709727272727273
-11.21725 9.729
-12.6298 2.6394
-15.026333333333334 4.336666666666667
-17.22850025 6.328
-18.191666333333334 9.392333333333333
-11.21725 9.729
-1.8014427602712413 3.518852812126047
-14.420857142857143 5.765571428571429
-15.21125 9.340250000000001
-13.124444444444444 8.926222222222222
-11.091666666666667 9.723666666666666
-0.5403333333333333 4.626
-14.585856571428572 9.779285714285713
-6.0325 2.5103125000000004
-3.749 8.178333333333333
-3.050333333333333 3.1783333333333332
-0.6056 7.6537999999999995
-6.303333333333333 10.862333333333334
-7.0127500000000005 9.694500000000001
-8.939 9.729
-5.512333333333333 8.875
-9.182500000000001 9.045
-11.967875 2.96425
-11.21725 9.729
-1.8792 10.697600000000001
-3.7375000000000003 8.821375
-0.6056 7.6537999999999995
-0.5616 5.8524
-3.050333333333333 3.1783333333333332
-6.195 9.52725
-5.819625 9.569875
-2.330660949341844 3.4918424411647386
-4.524 10.6585
-4.0424999999999995 4.859999999999999
-1.4597142857142857 10.206714285714286
-6.303333333333333 10.862333333333334
-6.195 9.52725
-0.6085 7.8505
-1.266857142857143 10.442857142857143
-0.6085 7.8505
-1.9975714285714288 1.7761428571428572
-1.8454285714285714 9.734428571428571
-9.78925 3.07975
-8.918514958117271 3.1556098923015554
-0.7733333333333333 9.449
-4.746666666666667 10.321666666666667
-1.884 9.6872
-8.361 9.57825
-8.361 9.57825
-8.361 9.57825
-9.068155963302752 3.14797247706422
-5.1024666666666665 8.015
-0.5508000000000001 5.5142
-8.84916912644595 3.159149182289589
-11.884333333333332 9.728833333333332
-10.677709214200238 3.0658236936577583
-6.547 10.485000000000001
-4.6588 4.071
-0.9969999999999999 3.5256
-0.5408000000000001 3.856
-1.0095714285714286 10.415428571428572
-0.5407333333333334 3.9659999999999997
-10.897285714285713 2.294
-5.966666666666667 3.228666666666667
-5.279 3.5655
-7.4635 9.714
-7.4635 9.714
-6.3365 9.841166666666668
-0.5406666666666667 4.076
-0.5861111111111111 7.208222222222222
-0.8485 9.756499999999999
-4.669586206896552 10.021206896551725
-3.746714285714286 8.306142857142857
-4.6588 4.071
-0.8034 9.572
-4.6588 4.071
-4.6588 4.071
-0.8034 9.572
-0.8034 9.572
-9.525500000000001 4.9595
-17.809332444444443 9.854222222222223
-10.77990307140008 3.0606078978859195
-1.491 3.5251666666666663
-2.6853333333333333 2.1616666666666666
-1.3219230769230772 2.3844615384615384
-10.836809428571428 9.697380952380952
-3.155 4.2059999999999995
-3.155 4.2059999999999995
-3.66925 4.854
-0.8485 9.756499999999999
-10.7762532907858 3.060794176306342
-10.175142857142857 4.96
-9.237333333333334 3.0434444444444444
-6.02323076923077 1.8323076923076922
-2.3912 8.5104
-7.9496 5.2664
-7.9496 5.2664
-7.4635 9.714
-12.2908 9.706199999999999
-0.901 3.5256842105263155
-10.905 3.7419999999999995
-9.57525 4.283833333333333
-5.114909090909091 9.372727272727273
-9.4808 4.5649999999999995
-10.0348 8.8746
-8.98825 3.9002499999999998
-10.868 3.4
-4.634 3.9184285714285716
-9.382206896551724 3.124689655172414
-0.567 6.0215
-9.341889509373754 3.1340015955325087
-9.425834463502193 3.129717191862784
-6.346 2.54725
-11.437333333333333 3.008
-6.0096 1.7092
-9.024358595931393 3.1502078181092936
-9.006109692859992 3.151139210211408
-5.08225 8.923499999999999
-10.068195851615476 3.0969321898683684
-3.0321666666666665 3.3711666666666664
-8.918514958117271 3.1556098923015554
-9.462332269644994 3.127854407658556
-0.5831999999999999 6.5288
-3.7426 8.536200000000001
-2.8604000000000003 2.2598000000000003
-6.8834285714285715 2.6105714285714288
-3.739 8.7375
-3.739 8.7375
-9.761857142857142 8.339571428571428
-2.904166666666667 2.2843333333333335
-4.62625 3.87075
-1.684649780614281 3.524813721579577
-3.3890973274830483 3.437821699242122
-1.0290769230769232 2.8125384615384617
-2.1077500000000002 9.04425
-2.1077500000000002 9.04425
-6.1081666666666665 9.836666666666668
-6.1081666666666665 9.836666666666668
-1.0426470588235295 10.258235294117647
-1.0426470588235295 10.258235294117647
-2.4789375 9.0968125
-2.4789375 9.0968125
-4.07325 9.07575
-10.250684882329477 3.0876182688472276
-10.250684882329477 3.0876182688472276
-0.6054285714285714 7.696571428571428
-5.008545454545454 7.916727272727273
-5.0352500000000004 8.2815
-0.5616 5.8524
-3.027625 3.419375
-0.5616 5.8524
-5.7501999999999995 10.273200000000001
-2.4788888888888887 2.7226666666666666
-2.1253333333333333 3.538
-2.1253333333333333 3.538
-0.9838 10.31
-9.469625 4.466374999999999
-0.6793750000000001 9.064625
-9.7275 8.573
-3.7535714285714286 7.922714285714286
-5.6148 9.09
-0.8936000000000001 9.940999999999999
-3.746714285714286 8.306142857142857
-2.5696666666666665 3.551
-3.0685000000000002 2.9855
-3.40325 7.7325
-4.524 10.6585
-11.21725 9.729
-2.7464444444444442 3.1433333333333335
-1.7670000000000001 2.2889999999999997
-16.464427857142855 3.4064285714285716
-4.314444444444445 10.267444444444445
-4.3785 7.765499999999999
-3.0321666666666665 3.371166666666667
-10.0348 8.8746
-7.7835 4.5195
-7.7835 4.5195
-10.032625 8.841
-0.6181666666666666 8.506166666666667
-3.5043333333333333 10.370333333333333
-1.1110000000000002 3.5255
-5.913888888888889 10.591222222222223
-1.301 3.525333333333333
-1.713848025528522 3.5233234942161946
-5.6325 3.5797499999999998
-2.417333333333333 10.429333333333334
-8.550375 5.0745000000000005
-9.56275 5.28825
-2.8136666666666668 7.735
-13.717600000000001 9.653599999999999
-10.010875 8.504999999999999
-8.6375 9.517
-8.77375 9.399000000000001
-9.622692307692308 8.66376923076923
-10.199587953729557 3.090226166733147
-0.73575 9.29525
-8.357 9.403500000000001
-13.813 9.655
-11.567285714285713 2.418142857142857
-9.48825 4.63075
-5.9484 2.3008
-8.335666666666667 8.4715
-18.4812505 8.8165
-12.742 3.776
-10.421888888888889 9.695222222222222
-10.46375 9.697
-1.4095 10.68675
-2.2373125 9.976375
-9.444333333333333 8.343
-14.66875 8.66175
-2.01425 3.53475
-4.457222222222222 4.866666666666666
-10.2462 4.185733333333333
-10.46375 9.697
-18.960251000000003 4.938625
-16.96554572727273 2.413818181818182
-11.28575 3.0204999999999997
-7.615428571428571 2.907142857142857
-17.978333 4.514333333333333
-8.84729411764706 3.809647058823529
-8.84729411764706 3.809647058823529
-10.0174 8.6058
-4.935 10.6666
-5.186 10.3544
-7.363333333333333 9.709666666666667
-16.918666666666667 9.191555555555556
-16.918666666666667 9.191555555555556
-16.918666666666667 9.191555555555556
-14.377090909090908 9.075272727272727
-18.5435 5.948
-18.649500833333335 8.193999999999999
-14.0992 9.6592
-12.755333333333333 9.680333333333333
-13.717600000000001 9.653599999999999
-13.717600000000001 9.653599999999999
-18.059285 9.655571428571427
-4.1825 3.54375
-16.264 9.817
-16.682666666666666 9.69588888888889
-16.991221666666664 3.035444444444445
-5.947333333333333 2.8633333333333333
-15.4913998 3.4738
-18.644000666666667 7.917
-17.419999833333335 8.601333333333335
-13.269636363636364 8.080181818181817
-10.539017550857599 3.072902273633825
-15.653571142857142 3.4625714285714286
-18.346799999999998 6.7914
-17.3 8.054636363636364
-9.153 3.269166666666667
-16.963667 2.368333333333333
-17.4808335 7.012666666666666
-18.611154615384617 7.690076923076923
-1.4530000000000003 3.5252
-13.955555555555556 4.513
-18.64614314285714 4.585857142857143
-17.1332505 4.704000000000001
-7.661714285714286 3.543571428571428
-7.661714285714286 3.543571428571428
-13.519666666666668 4.391666666666667
-15.065727272727273 3.956363636363636
-9.648142857142858 4.124285714285714
-17.2040006 5.7778
-12.862 4.800800000000001
-17.22850025 6.328
-14.995750000000001 5.5365
-13.697782608695652 3.9321739130434783
-12.6197 2.5050999999999997
-11.9224 2.968
-18.50425 5.5175
-20.361501 4.85675
-20.36371528571429 4.7981428571428575
-20.36371528571429 4.7981428571428575
-20.361501 4.85675
-20.524000333333333 5.136
-20.395601000000003 3.9542
-19.622601000000003 3.4502
-19.020143142857144 4.6695714285714285
-17.2040006 5.7778
-14.420857142857143 5.765571428571429
-14.420857142857143 5.765571428571429
-14.420857142857143 5.765571428571429
-18.6484008 8.1386
-9.4808 4.5649999999999995
-9.4808 4.5649999999999995
-17.1332505 4.704000000000001
-17.497142571428572 8.780142857142858
-17.497142571428572 8.780142857142858
-15.150428571428572 8.716714285714286
-23.645499375 2.9875000000000003
-21.416000333333336 2.514666666666667
-23.636285142857144 2.899
-21.478399800000002 3.6338
-20.35288988888889 5.084666666666667
-22.444999 3.6336666666666666
-18.20157157142857 3.3484285714285718
-17.80754590909091 1.8925454545454545
-23.559499875 2.1615
-17.80754590909091 1.8925454545454545
-18.5918002 4.7362
-18.714401000000002 3.6962
-20.358401 4.9388000000000005
-18.5160006 8.7474
-16.9925994 3.0688000000000004
-20.7648006 3.6286
-20.7648006 3.6286
-20.524000333333333 5.136
-20.401801000000003 3.7901
-20.524000333333333 5.136
-21.66800016666667 2.2368333333333332
-13.415142857142857 4.365714285714286
-12.8134 9.6771
-22.444999 3.6336666666666666
-21.54200025 2.37575
-19.614249375 3.833125
-12.8134 9.6771
-21.25449933333333 4.855833333333333
-20.366667666666668 4.720000000000001
-7.169875 3.9968749999999997
-18.782000500000002 4.21
-22.495599 3.6326
-22.495599 3.6326
-23.6239995 2.781
-20.39109190909091 4.073545454545455
-20.498571857142856 5.154714285714286
-22.444999 3.6336666666666666
-23.652666 3.0563333333333333
-23.24381818181818 1.9557272727272728
-23.6755992 3.2766
-22.2436 1.9582000000000002
-20.8540005 3.62925
-23.330499 3.615
-23.330499 3.615
-22.94285657142857 2.900714285714286
-23.645499375 2.9875000000000003
-20.42228642857143 5.210857142857143
-20.39685795238095 5.229571428571429
-21.7459995 3.63575
-21.628999666666665 4.837666666666666
-21.1216002 3.6311999999999998
-20.361501 4.85675
-20.786000750000003 3.20925
-20.41275075 5.217875
-20.41275075 5.217875
-17.4237994 3.3618
-22.189666666666668 1.9583333333333335
-19.884401 3.5088
-21.48800028571429 2.4352857142857145
-21.48800028571429 2.4352857142857145
-22.950999 3.623
-20.381429571428573 4.329285714285715
-20.921498999999997 9.1515
-20.0700877826087 3.880086956521739
-23.077499 3.6203333333333334
-18.956250750000002 2.978
-17.2988 8.025
-20.524415958333336 3.782875
-20.395601000000003 3.9542
-20.80999977777778 7.211111111111111
-20.366667666666668 4.720000000000001
-20.637272636363637 5.052636363636363
-18.13175025 1.90175
-22.697999 3.6283333333333334
-22.697999 3.6283333333333334
-5.0188 8.056799999999999
-20.36371528571429 4.7981428571428575
-18.6418006 7.8062000000000005
-20.373556555555556 4.5376666666666665
-20.394223222222223 3.990666666666667
-20.643333666666667 6.323666666666667
-19.753501 3.4795
-20.8567992 8.1448
-22.5672 1.9574
-20.35977877777778 4.902333333333334
-17.470332777777777 3.361
-23.58099975 2.3680000000000003
-23.602499625 2.5745
-19.97166766666667 3.5283333333333333
-22.245199 9.4062
-22.245199 9.4062
-21.8351994 3.6363999999999996
-22.697999 3.6283333333333334
-20.45750075 5.663250000000001
-20.373556555555556 4.5376666666666665
-23.66699925 3.194
-20.613 5.0705
-20.53400091666667 3.4870833333333335
-20.380445444444447 4.355333333333333
-23.102799 3.6198
-20.81224975 7.256
-12.55725 4.19425
-20.524000333333333 5.136
-20.146201 3.5674
-20.631000750000002 3.627625
-21.7459995 3.63575
-21.96899925 3.6373749999999996
-21.7459995 3.63575
-20.701999666666666 5.005
-20.804571285714285 6.569428571428571
-18.854286285714284 2.7244285714285716
-21.416000333333336 2.514666666666667
-23.330499 3.615
-23.330499 3.615
-18.330333066666668 6.357933333333333
-9.78925 3.07975
-20.4352008 5.5840000000000005
-20.912000666666668 3.070333333333333
-17.954615846153846 6.0428461538461535
-20.4795005 5.16875
-20.361501 4.85675
-23.280572285714285 4.894285714285714
-22.29833233333333 9.388333333333334
-21.416000333333336 2.514666666666667
-21.66800016666667 2.2368333333333332
-21.012800600000002 2.9592
-20.696428785714286 6.512357142857143
-21.315200400000002 2.6258
-22.571499 3.631
-20.380445444444447 4.355333333333333
-15.788 9.7512
-23.6536006 8.8878
-18.2614002 3.3474000000000004
-20.850666 5.533333333333333
-21.235665666666666 9.745666666666667
-20.613 5.0705
-18.62350025 4.6485
-20.395601000000003 3.9542
-20.395601000000003 3.9542
-17.4338008 5.1366
-23.6536006 8.8878
-20.353751000000003 5.061875000000001
-20.4528006 5.188400000000001
-23.244999999999997 9.042
-24.117001000000002 8.0985
-23.244999999999997 9.042
-22.9044995 9.1705
-22.752500666666666 4.783166666666666
-22.565250499999998 4.792249999999999
-20.8324995 7.66
-24.212501 7.75525
-20.8243996 7.4984
-20.395601000000003 3.9542
-20.395601000000003 3.9542
-20.392501000000003 4.03625
-20.395601000000003 3.9542
-18.988001 4.6175
-20.897249 8.809750000000001
-23.3812002 8.9906
-20.613600400000003 6.218
-20.912000666666668 3.070333333333333
-20.37257242857143 4.563714285714286
-20.5244006 5.901000000000001
-20.5244006 5.901000000000001
-24.231601 7.6866
-20.937665666666664 9.379333333333333
-24.117001000000002 8.0985
-18.6802006 3.3402000000000003
-16.9894995 2.9937500000000004
-18.702750375 4.42925
-20.8540005 3.62925
-21.25449933333333 4.855833333333333
-18.635200400000002 7.4738
-21.4417495 4.84675
-23.203999 3.6176666666666666
-20.4528006 5.188400000000001
-21.288798999999997 9.7278
-20.146201 3.5674
-20.45750075 5.663250000000001
-18.8536002 4.7947999999999995
-6.542 10.755
-20.383201000000003 4.2824
-18.7186004 4.3854
-13.256666666666668 9.377333333333333
-18.3075 9.161999999999999
-9.1665 8.346
-18.649500833333335 8.193999999999999
-13.68290909090909 9.653090909090908
-12.742 3.776
-14.617166666666668 4.664166666666667
-14.49325 5.7695
-17.5212 6.7386
-21.766999 9.567
-12.742 3.776
-6.206666666666667 2.5308333333333337
-20.244376000000003 3.589375
-21.66800016666667 2.2368333333333332
-17.1418006 4.793
-10.9912 9.719399999999998
-6.63175 3.8137499999999998
-7.514 1.8816666666666666
-6.63175 3.8137499999999998
-9.544125 5.123875
-8.357 9.403500000000001
-7.9345 5.1985
-9.01525 4.2715
-15.743666333333332 3.4563333333333333
-16.460380142857144 9.820238095238095
-1.7885 1.98
-14.565666666666667 3.3684444444444446
-12.599499999999999 2.2365
-1.745 10.694500000000001
-3.554857142857143 7.731857142857143
-18.6385005 7.640000000000001
-7.0127500000000005 9.694500000000001
-13.6914 9.385
-13.6914 9.385
-7.627 3.0662499999999997
-1.225 3.5254
-18.6418006 7.8062000000000005
-8.357 9.403500000000001
-17.026374249999996 3.5915000000000004
-10.703257678500199 3.0645197447147985
-8.328 5.5538
-13.268 9.416
-12.613272727272728 2.4196363636363634
-10.555 3.3068
-12.6298 2.6393999999999997
-12.6298 2.6393999999999997
-17.2548 6.9383333333333335
-17.199334 5.673
-11.63425 4.13125
-5.114909090909091 9.372727272727273
-5.54725 10.42275
-6.3182 1.5046
-3.544833333333333 4.852
-9.4456 3.573
-5.476 2.8443333333333336
-10.555 3.3068
-10.555 3.3068
-9.4456 3.573
-12.621142857142857 2.524285714285714
-7.1828 1.4824000000000002
-0.567 6.0215
-5.9715 3.32
-10.91425 3.8274999999999997
-10.91425 3.8274999999999997
-15.162125 8.836625
-10.91425 3.8274999999999997
-7.9345 5.1985
-10.91425 3.8274999999999997
-12.77075 4.04725
-17.15462575 4.9265
-1.5213333333333334 10.689333333333334
-10.897285714285713 2.294
-6.441714285714286 1.5014285714285716
-5.5863 3.2102000000000004
-1.1110000000000002 3.5255
-4.291333333333333 4.864
-8.237142857142857 5.549285714285714
-0.781 3.52578947368421
-3.0845 3.885
-9.903538461538462 3.393769230769231
-10.847571428571428 2.867
-4.1825 3.54375
-3.086666666666667 2.792666666666667
-9.262620689655172 3.2000689655172416
-9.6735 3.0821666666666667
-0.5407333333333334 3.9659999999999997
-9.595 9.701571428571429
-3.155655172413793 10.298172413793104
-5.0705 8.763
-2.4192 10.0364
-4.807666666666667 3.5465
-10.535363636363636 4.143454545454545
-9.692 3.253166666666667
-9.692 3.253166666666667
-17.91015292307692 9.737461538461538
-11.175857142857142 1.6987142857142858
-5.124555555555556 10.164555555555555
-14.703363636363635 8.276818181818182
-18.643000636363638 7.866636363636363
-18.643000636363638 7.866636363636363
-11.175857142857142 1.6987142857142858
-5.872999999999999 10.848500000000001
-0.5408000000000001 3.856
-10.73610570402872 3.062843238930993
-1.528 2.083222222222222
-3.0607142857142855 3.068142857142857
-8.0044 9.737400000000001
-0.5676666666666667 6.395333333333333
-12.509916666666667 4.217666666666666
-12.509916666666667 4.217666666666666
-8.341000000000001 8.7045
-6.724 3.845142857142857
-10.8865 3.5709999999999997
-9.56275 5.28825
-7.7835 4.5195
-7.7835 4.5195
-20.146201 3.5674
-2.1189736737136027 3.502646589549262
-6.231999999999999 3.6777142857142855
-0.8289285714285715 3.526785714285714
-1.697125 3.29325
-3.04125 3.27475
-5.651666666666666 10.789666666666667
-5.651666666666666 10.789666666666667
-5.4796 10.4726
-0.5406000000000001 4.186
-4.524 10.6585
-5.0352500000000004 8.2815
-12.673 3.125
-8.37469764658955 3.183365376944555
-6.6594999999999995 2.5841875
-6.6594999999999995 2.5841875
-2.625 7.7358
-2.3556666666666666 7.951833333333333
-11.7405 2.9829999999999997
-3.7522 7.9994
-3.7522 7.9994
-3.7426 8.536200000000001
-6.31257159952134 3.288612684483446
-9.509779417630634 3.1254327881930593
-3.4034999999999997 3.55725
-3.7816363636363635 2.9206363636363637
-9.509779417630634 3.1254327881930593
-6.346 2.54725
-0.61575 8.34225
-0.5998 7.2604
-4.524 10.6585
-1.105 2.7015555555555553
-18.6286002 7.1414
-22.032665666666666 9.477666666666666
-19.97166766666667 3.5283333333333333
-8.969333333333333 5.138
-23.077499 3.6203333333333334
-14.54975 8.255749999999999
-18.58275 6.3785
-19.426251 3.40625
-10.905 3.7419999999999995
-17.19350075 5.542
-17.27 7.313727272727273
-21.1640005 2.7925
-16.734713428571425 3.387714285714286
-24.117001000000002 8.0985
-21.778799799999998 4.8304
-21.07700025 3.6308749999999996
-22.950999 3.623
-23.203999 3.6176666666666666
-22.697999 3.6283333333333334
-21.002667000000002 3.630333333333333
-20.019400800000003 3.9181999999999997
-21.584000222222222 2.3294444444444444
-23.198570714285715 3.136142857142857
-20.39914385714286 3.8604285714285713
-18.6593001 4.9409
-21.427428428571428 3.6334285714285715
-20.383201000000003 4.2824
-20.369251000000002 4.651625
-23.330499 3.615
-23.652666 3.0563333333333333
-18.6418006 7.8062000000000005
-21.002667000000002 3.630333333333333
-22.3245 1.9580000000000002
-18.782000500000002 4.21
-23.39575075 4.99125
-20.370801 4.6106
-22.0035 4.8195
-20.45750075 5.663250000000001
-20.821333 6.192666666666667
-20.911799 9.014800000000001
-20.68050025 6.45575
-24.2444004 6.3668
-20.366667666666668 4.720000000000001
-20.945749 9.49325
-24.021501 8.44175
-21.607598999999997 9.6206
-22.836399399999998 9.1962
-24.247429 6.416571428571428
-20.852749250000002 8.064
-20.931199 9.2882
-20.7731994 4.9525999999999994
-24.162571571428572 6.115
-22.9044995 9.1705
-24.232286000000002 6.167714285714286
-20.45750075 5.663250000000001
-24.117001000000002 8.0985
-20.5690005 6.0595
-22.245199 9.4062
-20.782908454545453 4.945454545454545
-24.232286000000002 6.167714285714286
-23.3420008 4.946
-20.5690005 6.0595
-20.5690005 6.0595
-20.7464995 4.97225
-24.262572000000002 6.6654285714285715
-20.8540005 3.62925
-18.5918002 4.7362
-18.2110002 1.9040000000000001
-18.4812505 8.8165
-18.646750750000002 8.0555
-13.694444444444445 4.192
-23.017999666666665 9.127666666666666
-17.5770006 1.8860000000000001
-12.174666666666667 9.712666666666665
-18.94050075 3.7715
-12.57425 1.90075
-15.0155 4.44125
-17.119000333333332 4.555666666666667
-18.73335394117647 7.564294117647059
-13.341000000000001 4.60675
-18.3770002 9.0238
-17.2988 8.025
-13.0504 8.673599999999999
-17.62099925 9.85575
-11.21725 9.729
-15.0055 9.6725
-15.1916 9.1388
-9.78925 3.07975
-14.4808 9.6648
-5.66 10.339666666666668
-13.6249999375 9.6608125
-5.1515 9.878
-6.5432500000000005 10.6875
-9.3982 9.7098
-11.91390909090909 9.616636363636363
-8.3394 8.6346
-7.0127500000000005 9.694500000000001
-10.46375 9.697
-7.574199999999999 2.4509999999999996
-8.805 5.577500000000001
-11.967875 2.96425
-10.1365 3.0725
-7.8302499999999995 2.7439999999999998
-6.5968 2.5768
-4.866499999999999 10.66525
-3.0321666666666665 3.3711666666666664
-3.0321666666666665 3.3711666666666664
-0.96125 10.21775
-2.3014627044276033 3.493332668528121
-0.567 6.0215
-0.571125 6.54775
-2.330660949341844 3.4918424411647386
-0.9048750000000001 9.987125
-7.764 9.727
-0.6981666666666667 9.1415
-2.3727142857142858 1.9864285714285714
-0.8278888888888889 3.4016666666666664
-2.383 8.381499999999999
-2.3727142857142858 1.9864285714285714
-2.01425 3.53475
-0.6056 7.6538
-1.7915714285714286 1.935857142857143
-6.441714285714286 1.5014285714285716
-3.0957500000000002 2.69625
-7.8241000000000005 9.7296
-0.5408000000000001 3.856
-3.48325 10.661249999999999
-3.48325 10.661249999999999
-4.126857142857143 3.5447142857142855
-8.3394 8.6346
-3.5668125 9.173375
-0.5404 4.516
-4.502800000000001 7.7724
-4.502800000000001 7.7724
-4.502800000000001 7.7724
-1.3424 10.6852
-9.7492 4.2584
-9.448 3.897
-7.4635 9.714
-10.062142857142858 9.296999999999999
-9.455 8.809
-5.062666666666667 8.655999999999999
-3.198384615384615 4.403538461538462
-0.5407500000000001 3.9385
-4.752333333333333 10.663
-20.392501000000003 4.03625
-11.862428571428572 1.631857142857143
-10.1365 3.0725
-11.675666666666666 4.240666666666667
-10.840499999999999 9.713
-5.1376 3.5598
-6.0208 10.0738
-2.3475 3.5445
-2.4035 8.70375
-5.4204 3.5711999999999997
-10.56925 4.1385
-9.4474 3.816
-9.4474 3.816
-10.388399999999999 9.6938
-3.3646666666666665 10.666666666666666
-6.195 9.52725
-9.3982 9.7098
-6.819571428571429 9.686142857142858
-7.9093333333333335 5.085333333333334
-9.225999999999999 9.716999999999999
-9.285571428571428 8.344714285714286
-18.517333333333333 5.661
-12.5894 2.1022
-12.599499999999999 2.2365
-11.175857142857142 1.6987142857142858
-7.7835 4.5195
-9.103 9.722142857142856
-14.469285714285714 8.244714285714286
-7.837428571428571 4.762
-8.518857142857144 4.795857142857143
-15.1916 9.1388
-10.037285714285714 8.913
-8.645999999999999 5.5696
-7.748266666666667 4.361066666666666
-7.91425 9.7335
-7.6795 10.23
-11.98111111111111 9.723444444444445
-14.0992 9.6592
-10.0145 8.561
-8.341000000000001 8.7045
-15.869799599999999 3.4476
-17.509693076923078 5.532076923076923
-10.558571428571428 4.521999999999999
-12.9084 5.1312
-14.224499999999999 8.9905
-10.279 3.5555999999999996
-12.1166 9.7159
-15.0155 4.44125
-16.795 8.68225
-14.994333333333334 5.449666666666666
-14.994333333333334 5.449666666666666
-15.4913998 3.4738
-16.918666666666667 9.191555555555556
-13.177333333333333 9.106666666666666
-13.813 9.655
-5.9425 2.7720000000000002
-5.9425 2.7720000000000002
-5.9425 2.7720000000000002
-14.565666666666667 3.3684444444444446
-13.813 9.655
-12.5894 2.1022
-17.1463996 9.8596
-15.58599975 3.46725
-8.289 4.220666666666666
-20.39766766666667 3.8994999999999997
-20.39766766666667 3.8994999999999997
-20.4352008 5.5840000000000005
-17.6764994375 9.195875000000001
-16.49949925 3.7155
-16.8751998 9.8618
-15.588666666666667 9.455166666666667
-15.588666666666667 9.455166666666667
-16.600599199999998 3.6462000000000003
-11.437333333333333 3.008
-14.4808 9.6648
-16.0280005 2.684
-14.0992 9.6592
-19.38988988888889 3.398111111111111
-19.38988988888889 3.398111111111111
-19.38988988888889 3.398111111111111
-18.0989994 9.5766
-17.2600008 1.877
-12.418800000000001 4.1848
-17.19350075 5.542
-17.19350075 5.542
-19.015751 4.296375
-19.015751 4.296375
-19.015751 4.296375
-19.015751 4.296375
-16.956778333333336 2.2015555555555557
-20.080751000000003 3.55275
-10.7368 9.674399999999999
-14.042285714285715 4.521428571428571
-12.6845 3.2335
-16.974 2.6185
-16.974 2.6185
-10.46375 9.697
-20.88685614285714 8.663285714285715
-10.831 3.058
-18.94050075 3.7715
-19.360801000000002 3.3916
-19.360801000000002 3.3916
-19.360801000000002 3.3916
-18.5600005 6.779
-16.248199399999997 3.4214
-24.272667333333334 6.831333333333333
-19.753501 3.4795
-19.753501 3.4795
-19.753501 3.4795
-8.90846153846154 3.4233076923076924
-20.392501000000003 4.03625
-18.26050025 6.394
-20.897249 8.809750000000001
-20.8243996 7.4984
-17.1076002 4.437
-15.32322211111111 3.4854444444444446
-20.613 5.0705
-21.926399 9.5134
-17.8425998 3.3546
-23.989667666666666 8.556166666666666
-21.7459995 3.63575
-22.1375992 3.303
-22.16400014285714 4.811714285714285
-16.248199399999997 3.4214
-21.056000571428573 2.9115714285714285
-23.203999 3.6176666666666666
-23.203999 3.6176666666666666
-18.8454006 4.0346
-21.1216002 3.6311999999999998
-21.809713714285714 3.6362142857142854
-16.441667 3.4443333333333332
-21.368499 9.701
-20.371429476190478 5.248285714285714
-20.8540005 3.62925
-22.444999 3.6336666666666666
-20.366667666666668 4.720000000000001
-19.019750875 3.55225
-19.360801000000002 3.3916
-16.626599199999998 3.3952
-21.8351994 3.6363999999999996
-19.900643857142857 4.5762857142857145
-20.034001000000004 3.5422857142857143
-22.0035 4.8195
-22.2282002 4.808599999999999
-11.61057142857143 2.9937142857142858
-22.2282002 4.808599999999999
-18.676333666666668 4.5023333333333335
-15.571000300000001 3.8889
-16.689665833333333 3.3908333333333336
-18.58275 6.3785
-17.026374249999996 3.5915
-22.0035 4.8195
-20.912000666666668 3.070333333333333
-20.956141857142857 9.639714285714286
-20.859499166666666 8.198666666666666
-21.3293994 4.8522
-23.43414357142857 5.023571428571429
-23.3812002 8.9906
-24.117001000000002 8.0985
-20.8243996 7.4984
-21.628999666666665 4.837666666666666
-24.212501 7.75525
-22.890800000000002 1.9566000000000001
-24.2868008 7.0636
-20.5244006 5.901000000000001
-20.366667666666668 4.720000000000001
-23.3812002 8.9906
-20.8243996 7.4984
-22.565250499999998 4.792249999999999
-24.2444004 6.3668
-24.290334166666668 7.121666666666666
-24.28150075 6.9765
-21.607598999999997 9.6206
-21.607598999999997 9.6206
-21.288798999999997 9.7278
-20.850666 5.533333333333333
-20.35288988888889 5.084666666666667
-20.613 5.0705
-20.829142047619047 4.911428571428571
-22.565250499999998 4.792249999999999
-23.3061675 4.9158333333333335
-24.2444004 6.3668
-23.3061675 4.9158333333333335
-21.617600200000002 2.2924
-21.617600200000002 2.2924
-23.3420008 4.946
-18.569666666666667 6.235
-18.569666666666667 6.235
-18.821501 6.54425
-18.821501 6.54425
-14.6204 3.3816
-14.6204 3.3816
-19.535334333333335 3.4306666666666668
-17.589713857142858 8.994714285714286
-18.703692615384615 2.3499230769230772
-5.1611666666666665 3.56075
-5.1611666666666665 3.56075
-18.599375124999998 2.0905
-5.828888888888889 3.5876666666666663
-23.6813325 3.331666666666667
-5.828888888888889 3.5876666666666663
-9.4808 4.5649999999999995
-18.628000181818184 7.1111818181818185
-11.444571428571429 2.524785714285714
-11.748 1.643
-17.8243991 9.854099999999999
-15.428333166666667 3.4781666666666666
-7.2775 4.0335
-16.53199925 3.4017500000000003
-10.930428571428571 1.912
-8.5795 4.241
-8.341000000000001 8.7045
-17.076 8.855333333333334
-18.6286002 7.1414
-16.794776888888887 3.3835555555555556
-16.794776888888887 3.3835555555555556
-10.864142857142857 2.6759999999999997
-10.897285714285713 2.294
-10.897285714285713 2.294
-9.5851 5.4855
-12.862 4.800800000000001
-10.889 2.3895
-10.56925 4.1385
-11.481 1.669
-12.286200000000001 2.9379999999999997
-12.286200000000001 2.9379999999999997
-12.286200000000001 2.9379999999999997
-12.286200000000001 2.9379999999999997
-13.2408 9.3232
-4.661 10.661200000000001
-8.784275862068966 3.501586206896552
-10.905571428571427 2.1985
-10.918 2.05525
-6.3492727272727265 2.932
-2.0805 10.702250000000001
-2.8903333333333334 10.688333333333334
-4.6588 4.071
-12.561625 1.732875
-5.130625 9.595
-11.033111111111111 3.041333333333333
-8.464285714285714 5.5605714285714285
-11.350714285714286 3.015142857142857
-8.359666666666667 9.52
-10.0145 8.561
-2.933212121212121 3.5616363636363637
-1.9117142857142857 3.714
-0.5407500000000001 3.9385
-2.79475 2.223
-3.910764705882353 4.857882352941177
-8.918514958117271 3.1556098923015554
-14.761142857142858 3.4154285714285715
-10.352878739529318 3.0824024730753887
-2.3584 7.9948
-10.6898 9.7066
-1.7842 2.0418
-0.567 6.0215
-5.9717142857142855 2.0754285714285716
-5.0235 8.121
-1.301 3.525333333333333
-9.1605 4.281666666666666
-1.7584 2.4126000000000003
-2.4175999999999997 10.3732
-9.648471080973275 3.118354208216992
-0.567 6.0215
-0.567 6.0215
-6.295090909090909 9.567545454545455
-5.325333333333333 2.959777777777778
-3.0845 3.885
-7.263 3.7595
-0.5407500000000001 3.9385
-0.8485 9.756499999999999
-2.405777777777778 8.739555555555555
-2.4194285714285715 9.988285714285714
-1.745 10.694500000000001
-7.283200000000001 9.7062
-1.9476 3.5328
-0.6133333333333333 8.178333333333333
-2.192333333333333 10.704833333333333
-6.542 10.755
-2.3844375 1.993
-5.66 10.339666666666668
-8.610833333333334 8.352
-15.743666333333332 3.4563333333333333
-2.3625 8.05925
-4.924571428571428 3.583285714285714
-4.924571428571428 3.583285714285714
-4.924571428571428 3.583285714285714
-2.01425 3.53475
-2.6355555555555554 3.436
-1.453 3.5252
-0.5535 5.59875
-7.9345 5.1985
-8.354333333333333 9.287
-12.6392 9.6868
-6.016461538461539 2.152615384615385
-13.5137 9.5165
-13.5137 9.5165
-0.721 3.5258421052631577
-3.8125 10.691
-0.54025 4.7635000000000005
-0.5408000000000001 3.856
-0.5405 4.351
-0.5405 4.351
-3.0957500000000002 2.69625
-0.5407500000000001 3.9385
-0.5407500000000001 3.9385
-0.5404 4.516
-10.56925 4.1385
-18.5435 5.948
-20.912000666666668 3.070333333333333
-13.8855 4.4825
-16.9894995 2.9937500000000004
-16.9585005 2.24325
-17.1332505 4.704
-22.61342857142857 1.9572857142857143
-11.865 4.147
-18.8454006 4.0346
-20.370801 4.6106
-13.881499999999999 3.2039999999999997
-13.89995652173913 3.8704347826086956
-22.84457142857143 1.9567142857142859
-18.7564004 2.481
-15.697333333333333 9.738666666666667
-18.2614002 3.3474000000000004
-19.426251 3.40625
-17.184750875 5.3454999999999995
-15.139199999999999 8.6016
-12.565833333333334 1.7888333333333333
-18.30275075 8.0335
-7.2775 4.0335
-15.069666666666667 3.9183333333333334
-17.1704 8.6536
-14.738888888888889 5.475999999999999
-14.7025 3.4013333333333335
-14.8624 9.6704
-6.6748 3.8284
-10.840499999999999 9.713
-17.470332777777777 3.361
-6.2914 9.874400000000001
-12.014999999999999 1.617
-6.8946000000000005 1.4898
-7.627 3.0662499999999997
-8.338333333333333 8.588000000000001
-9.794666666666666 9.459999999999999
-3.1012 2.6384
-8.359666666666667 9.52
-9.6995 4.265666666666666
-8.805 5.577500000000001
-9.21 9.018
-7.8288 4.7232
-13.076727272727272 8.174181818181818
-9.550333333333333 5.1786666666666665
-7.7835 4.5195
-6.22375 9.92425
-10.0474 4.214799999999999
-10.805451535700039 3.0593039489429597
-11.306777777777777 3.107111111111111
-6.22375 9.92425
-7.7835 4.5195
-1.7777500000000002 2.1345
-4.716666666666667 4.427
-7.7835 4.5195
-4.716666666666667 4.427
-8.2982 5.2908
-4.752833333333333 4.6495
-9.948 4.229333333333333
-2.199 9.3015
-10.0474 4.214799999999999
-2.383 8.381499999999999
-4.752833333333333 4.6495
-0.5406666666666667 4.076
-10.1965 4.193
-9.78925 3.07975
-2.199 9.3015
-2.199 9.3015
-4.9885 4.659
-3.5946 4.8528
-8.3394 8.6346
-8.7052 2.9302
-1.4530000000000003 3.5252
-6.206666666666667 2.5308333333333337
-2.3966666666666665 8.596333333333334
-9.82375 4.2475
-0.5724 6.1906
-3.1910000000000003 7.7334
-8.7094 9.7386
-6.9226 9.6906
-12.900500000000001 9.67225
-0.6056 7.6537999999999995
-6.5432500000000005 10.6875
-0.6085 7.8505
-0.6085 7.8505
-10.090094535301157 3.0958145193458315
-0.9236666666666666 10.064
-7.91425 9.7335
-2.0805 10.702250000000001
-8.341000000000001 8.7045
-5.117 9.4016
-2.8136666666666668 7.735
-0.5402 4.846
-5.8855 10.1735
-5.113166666666666 9.348666666666666
-0.5402 4.846
-9.2216 5.3296
-7.4635 9.714
-4.2956666666666665 10.654
-3.5946 4.8528
-10.495220183486238 3.075137614678899
-11.748 1.643
-4.524 10.6585
-0.6981666666666667 9.1415
-11.091666666666667 9.723666666666666
-5.3876 9.2022
-6.857166666666667 9.455
-5.267799999999999 4.3608
-1.4095 10.68675
-10.850333333333333 2.835166666666667
-6.8469999999999995 3.8869999999999996
-5.043333333333333 3.556
-12.6392 9.6868
-12.029499999999999 9.720749999999999
-7.5355 2.085
-8.3522 9.1938
-6.547 10.485000000000001
-7.9345 5.1985
-10.9198 3.8787999999999996
-6.547416666666667 10.4625
-8.358600000000001 9.4734
-6.557 9.945
-12.174666666666667 9.712666666666665
-0.8485 9.756499999999999
-0.8485 9.756499999999999
-1.7498 2.5362
-4.68925 7.78275
-8.29075 2.842
-2.1923333333333335 10.704833333333333
-6.973181890706023 3.2548962903869163
-3.8178 10.3306
-4.673820103709613 3.372251695253291
-2.3986896551724133 10.436655172413793
-2.5879310344827586 10.402034482758621
-1.6417241379310346 10.575137931034483
-1.8792 10.697600000000001
-2.0574 10.334800000000001
-2.6504545454545454 3.5533636363636365
-1.6933846153846153 10.693307692307693
-0.8034 9.572
-5.368666666666667 10.211666666666666
-12.346833333333333 2.933
-3.159161148783407 3.4495572397287595
-5.1376 3.5598
-2.630625 2.1310000000000002
-7.681 3.80875
-0.54025 4.7635000000000005
-2.3475 3.5445
-2.3352 1.9654
-7.076666666666666 2.3006666666666664
-0.5406000000000001 4.186
-3.544833333333333 4.852
-4.1918 4.8624
-6.792999999999999 3.1445
-1.0095714285714286 10.415428571428572
-6.553333333333334 1.9063333333333334
-3.8931999999999998 4.8576
-8.72448275862069 3.5392758620689655
-12.755333333333333 9.680333333333333
-0.8260000000000001 3.52575
-8.0566 4.2044
-10.0435 9.009
-2.6807499999999997 3.55425
-7.859 4.859
-7.8892 4.9948
-0.5404 4.516
-10.345600000000001 4.1712
-3.050333333333333 3.1783333333333337
-1.1924285714285714 3.5254285714285714
-6.55575 10.012500000000001
-7.2832 9.7062
-4.1815 10.65175
-0.9988333333333334 10.371500000000001
-2.872625 7.73475
-10.599499999999999 3.0628333333333333
-4.2956666666666665 10.654
-3.4034999999999997 3.55725
-10.918 2.05525
-5.7032 3.5826
-9.284666666666666 5.3774999999999995
-20.361501 4.85675
-6.478 3.761428571428571
-13.415142857142857 4.365714285714286
-10.8865 3.5709999999999997
-16.0589995 3.4345
-12.742 3.776
-18.676333666666668 4.5023333333333335
-18.6385005 7.640000000000001
-11.159875 1.869375
-17.274285714285714 7.419571428571429
-1.1110000000000002 3.5255
-17.36999925 3.7985
-17.471334000000002 1.883
-14.98725 5.015499999999999
-17.62099925 9.85575
-23.39575075 4.99125
-5.18025 10.275
-19.244445444444445 3.365555555555556
-17.8384991875 9.571375
-23.587142571428572 2.427
-17.2856 7.699000000000001
-16.999362818181815 3.2325454545454546
-19.4365005 4.3565
-22.0035 4.8195
-22.571499 3.631
-20.361501 4.85675
-18.2614002 3.3474000000000004
-20.7648006 3.6286
-19.31716766666667 3.3818333333333337
-20.4352008 5.5840000000000005
-21.3 3.6325
-20.701999666666666 5.005
-18.62350025 4.6485
-18.9088007 3.8592000000000004
-16.0589995 3.4345
-21.197713285714283 9.758428571428572
-19.360801000000002 3.3916
-20.852749250000002 8.064
-24.117001000000002 8.0985
-20.080751000000003 3.55275
-20.358401 4.9388000000000005
-18.5755005 3.342
-23.147714142857144 9.078714285714286
-24.2232002 6.0184
-20.4795005 5.16875
-24.117001000000002 8.0985
-22.9044995 9.1705
-21.3293994 4.8522
-21.368499 9.701
-22.677600599999998 4.7867999999999995
-24.212501 7.75525
-23.664500500000003 5.217499999999999
-24.231601 7.6866
-24.002401 8.5104
-22.245199 9.4062
-24.2550005 6.541
-21.766999 9.567
-20.358401 4.9388000000000005
-20.5596002 5.1098
-23.7720004 5.308
-23.472000333333334 8.956333333333333
-23.6536006 8.8878
-24.117001000000002 8.0985
-20.921498999999997 9.1515
-20.7731994 4.9525999999999994
-18.500714714285714 3.3432857142857144
-20.5690005 6.0595
-24.249111555555558 6.444222222222222
-20.68050025 6.45575
-22.444999 3.6336666666666666
-17.1076002 4.437
-22.890800000000002 1.9566000000000001
-23.6239995 2.781
-22.189666666666668 1.9583333333333335
-19.97166766666667 3.5283333333333333
-9.0736 3.0086
-18.646750750000002 8.0555
-13.704875 8.139875
-13.001857142857144 2.9925714285714284
-13.353714285714286 3.077142857142857
-4.540166666666666 4.868
-17.234333499999998 6.459
-19.535334333333335 3.4306666666666668
-5.043333333333333 3.556
-17.527999666666666 8.851666666666667
-17.8555 5.904
-19.884401 3.5088
-18.887667333333333 3.9176666666666664
-12.465 9.6965
-18.4812505 8.8165
-10.9912 9.719399999999998
-8.4052 4.2288
-15.58599975 3.46725
-7.7684 4.4516
-10.589333333333332 9.702333333333332
-10.024857142857142 8.721
-13.928333333333333 9.209666666666667
-10.46375 9.697
-8.3394 8.6346
-9.48825 4.63075
-9.794666666666666 9.459999999999999
-5.117 9.4016
-10.0725 9.456999999999999
-8.3394 8.6346
-5.4796 10.4726
-6.557833333333334 9.9
-4.121857142857143 9.076142857142857
-1.724 2.907
