-0.56025 5.810125
-10.0 8.337

-7.569039999999999 2.4021999999999997
-10.0174 8.6058

-10.0696 9.412199999999999
-10.0348 8.8746

-0.7518571428571429 9.361142857142857
-10.0522 9.1434

-5.723142857142857 9.337285714285715
-10.0696 9.412199999999999

-3.0652857142857144 4.659
-9.695333333333334 9.680333333333333

-16.961600400000002 2.3183000000000002
-9.303666666666667 9.679666666666666

-8.358600000000001 9.4734
-8.911999999999999 9.679

-10.0174 8.6058
-8.520333333333333 9.678333333333333

-7.563666666666667 9.718333333333334
-8.128666666666668 9.677666666666667

-0.9838 10.31
-7.737 9.677

-10.163090147586757 3.092088950937375
-7.3453333333333335 9.676333333333334

-10.46375 9.697
-6.953666666666667 9.675666666666666

-2.192333333333333 10.704833333333333
-6.219 9.73775

-7.283200000000001 9.7062
-5.876 9.800500000000001

-2.423 9.2365
-5.533 9.86325

-7.077142857142857 9.697285714285714
-5.19 9.926

-0.5724 6.1906
-4.847 9.988750000000001

-4.792833333333333 7.7885
-4.504 10.0515

-5.053714285714286 8.533714285714286
-4.161 10.11425

-3.786 9.859
-3.818 10.177

-3.0495 7.734
-3.475 10.23975

-1.24275 10.472375
-3.132 10.3025

-1.344 10.3484
-2.789 10.36525

-2.0805 10.702250000000001
-2.4459999999999997 10.428

-3.786 9.859
-2.1029999999999998 10.49075

-3.48325 10.661249999999999
-1.7599999999999998 10.5535

-3.786 9.859
-1.4169999999999998 10.61625

-2.0805 10.702250000000001
-1.0426470588235295 10.258235294117647

-2.1475999999999997 10.703800000000001
-1.011294117647059 9.837470588235295

-2.4208 9.6996
-0.9799411764705883 9.416705882352941

-1.011294117647059 9.837470588235295
-0.9485882352941177 8.995941176470588

-0.7362307692307692 3.2406153846153845
-0.9172352941176471 8.575176470588236

-3.26075 4.6875
-0.8858823529411766 8.154411764705882

-1.7649449541284419 3.520715596330275
-0.854529411764706 7.7336470588235295

-3.8931999999999998 4.8576
-0.8231764705882354 7.312882352941177

-3.086666666666667 2.792666666666667
-0.7918235294117648 6.892117647058823

-3.2154285714285713 4.481142857142857
-0.7604705882352942 6.4713529411764705

-6.0096923076923074 2.4729230769230766
-0.7291176470588236 6.050588235294118

-6.373 2.9185
-0.697764705882353 5.629823529411764

-1.7519500000000001 2.5053
-0.6664117647058824 5.2090588235294115

-4.73475 4.53825
-0.6350588235294118 4.788294117647059

-4.6805 4.2044999999999995
-0.6037058823529412 4.367529411764705

-9.249764705882352 4.137882352941176
-0.5723529411764706 3.9467647058823525

-7.8288 4.7232
-1.0138367142857143 3.5276530612244894

-2.0726 1.8182
-1.4866734285714287 3.5293061224489795

-6.373 2.9185
-1.9595101428571429 3.530959183673469

-5.9484 2.3008
-2.432346857142857 3.532612244897959

-3.2365714285714287 3.560142857142857
-2.905183571428571 3.5342653061224487

-1.7842 2.0418000000000003
-3.378020285714286 3.5359183673469388

-0.5407142857142857 3.9974285714285713
-3.850857 3.5375714285714284

-10.491570402871957 3.0753238930993216
-4.323693714285715 3.5392244897959184

-9.892 3.3861
-4.796530428571429 3.540877551020408

-5.9512 2.9364
-5.269367142857143 3.5425306122448976

-4.291333333333333 4.864
-5.742203857142857 3.5441836734693877

-12.732800000000001 3.6892
-6.215040571428572 3.5458367346938773

-9.484111111111112 4.594222222222221
-6.687877285714286 3.5474897959183673

-7.654 3.4375
-7.1607140000000005 3.549142857142857

-8.275 5.551166666666667
-7.633550714285715 3.550795918367347

-12.014999999999999 1.617
-8.106387428571429 3.5524489795918366

-5.872999999999999 10.848500000000001
-8.579224142857143 3.5541020408163266

-17.1076002 4.437
-9.052060857142857 3.5557551020408162

-9.56275 5.28825
-9.524897571428571 3.5574081632653063

-10.516 4.146285714285714
-9.997734285714285 3.559061224489796

-18.608916666666666 6.6655
-10.470571 3.5607142857142855

-11.547749999999999 1.6625
-10.943407714285714 3.5623673469387755

-19.753501 3.4795
-11.416244428571428 3.564020408163265

-20.383201000000003 4.2824
-11.889081142857144 3.565673469387755

-18.177077230769232 6.298230769230769
-12.361917857142858 3.567326530612245

-20.146201 3.5674
-12.834754571428572 3.568979591836735

-18.904751 5.580875000000001
-13.307591285714286 3.5706326530612245

-20.39914385714286 3.8604285714285713
-13.780428 3.5722857142857145

-17.304142142857142 3.363857142857143
-14.253264714285715 3.573938775510204

-17.90242842857143 3.3535714285714286
-14.726101428571429 3.5755918367346937

-17.279 7.5360000000000005
-15.198938142857143 3.5772448979591838

-20.395601000000003 3.9542
-15.671774857142857 3.5788979591836734

-20.390286714285715 4.094857142857143
-16.14461157142857 3.5805510204081634

-24.28150075 6.9765
-16.617448285714286 3.582204081632653

-19.535334333333335 3.4306666666666668
-17.090285 3.583857142857143

-20.68050025 6.45575
-17.563121714285714 3.5855102040816327

-22.431428285714286 2.429857142857143
-18.03595842857143 3.5871632653061227

-16.9678002 2.4684
-18.508795142857142 3.5888163265306123

-21.478399800000002 3.6338
-18.981631857142858 3.5904693877551024

-21.993776999999998 3.637555555555555
-19.45446857142857 3.592122448979592

-22.12399925 3.219
-19.927305285714286 3.5937755102040816

-20.45750075 5.663250000000001
-20.400142 3.5954285714285716

-20.752856619047616 4.9675714285714285
-20.872978714285715 3.5970816326530612

-23.66699925 3.194
-21.345815428571427 3.5987346938775513

-21.98799975 2.379
-21.818652142857143 3.600387755102041

-15.953888444444443 3.441777777777778
-22.291488857142856 3.602040816326531

-21.52299975 3.634125
-22.76432557142857 3.6036938775510206

-22.99866666666667 1.9563333333333335
-23.237162285714287 3.6053469387755106

-23.203999 3.6176666666666666
-23.6992490625 3.50375

-19.38988988888889 3.398111111111111
-23.688499125 3.4005

-21.993776999999998 3.637555555555555
-23.677749187499998 3.29725

-18.8536002 4.7947999999999995
-23.66699925 3.194

-21.993776999999998 3.637555555555555
-23.6562493125 3.09075

-16.584554777777775 3.398111111111111
-23.645499375 2.9875000000000003

-20.36371528571429 4.7981428571428575
-23.6347494375 2.88425

-15.169142857142857 8.90857142857143
-23.6239995 2.781

-23.203999 3.6176666666666666
-23.613249562500002 2.67775

-23.595333 2.5056666666666665
-23.602499625 2.5745

-22.2436 1.9582000000000002
-23.5917496875 2.4712500000000004

-14.153249875 4.134625
-23.58099975 2.3680000000000003

-20.383201000000003 4.2824
-23.570249812500002 2.2647500000000003

-20.373556555555556 4.5376666666666665
-23.559499875 2.1615

-20.383201000000003 4.2824
-23.5487499375 2.05825

-19.535334333333335 3.4306666666666668
-23.33575 1.9555

-19.753501 3.4795
-23.1335 1.956

-23.203999 3.6176666666666666
-22.931250000000002 1.9565000000000001

-22.12399925 3.219
-22.729 1.957

-20.387334333333335 4.173
-22.52675 1.9575

-20.97949925 3.75775
-22.3245 1.9580000000000002

-20.392501000000003 4.03625
-22.12225 1.9585000000000001

-20.377001 4.4465
-21.704000142857144 2.197142857142857

-16.374332666666664 3.412666666666667
-21.48800028571429 2.4352857142857145

-20.950598999999997 9.5616
-21.27200042857143 2.6734285714285715

-21.794000083333334 2.097916666666667
-21.056000571428573 2.9115714285714285

-19.2422004 4.5026
-20.840000714285715 3.1497142857142855

-20.384751 4.241375
-20.62400085714286 3.387857142857143

-19.753501 3.4795
-20.395601000000003 3.9542

-17.35399933333333 3.3630000000000004
-20.383201000000003 4.2824

-20.387334333333335 4.173
-20.370801 4.6106

-21.056000571428573 2.9115714285714285
-20.358401 4.9388000000000005

-23.07474975 9.10625
-20.394000846153848 5.618384615384616

-18.62350025 4.6485
-20.442000692307694 5.969769230769231

-18.62350025 4.6485
-20.49000053846154 6.321153846153846

-22.571499 3.631
-20.538000384615383 6.672538461538462

-20.892399 8.7414
-20.58600023076923 7.023923076923078

-17.026374249999996 3.5915
-20.634000076923076 7.375307692307693

-17.6916006 5.1242
-20.681999923076923 7.726692307692308

-20.370801 4.6106
-20.72999976923077 8.078076923076924

-21.50133233333333 9.656333333333334
-20.777999615384616 8.429461538461538

-23.472000333333334 8.956333333333333
-20.82599946153846 8.780846153846154

-23.93325025 5.44375
-20.873999307692305 9.13223076923077

-18.956250750000002 2.978
-20.92199915384615 9.483615384615385

-21.50133233333333 9.656333333333334
-21.11490809090909 9.786272727272728

-24.198858142857144 7.804285714285714
-21.25981718181818 9.737545454545455

-20.744000777777778 3.2555555555555555
-21.40472627272727 9.688818181818183

-21.288798999999997 9.7278
-21.549635363636362 9.64009090909091

-20.914570428571427 9.053857142857144
-21.694544454545454 9.591363636363637

-19.97166766666667 3.5283333333333333
-21.839453545454543 9.542636363636364

-20.912000666666668 3.070333333333333
-21.984362636363635 9.49390909090909

-20.524000333333333 5.136
-22.129271727272727 9.445181818181817

-15.869799599999999 3.4476
-22.27418081818182 9.396454545454546

-18.13175025 1.90175
-22.419089909090907 9.347727272727273

-21.766999 9.567
-22.790999333333332 9.213333333333333

-21.766999 9.567
-23.017999666666665 9.127666666666666

-20.8243996 7.4984
-23.244999999999997 9.042

-20.4528006 5.188400000000001
-23.472000333333334 8.956333333333333

-21.8351994 3.6363999999999996
-23.699000666666667 8.870666666666667

-23.39575075 4.99125
-23.956667555555555 8.438888888888888

-24.18066766666667 7.869666666666666
-23.98733411111111 8.092777777777778

-18.021001000000002 2.6005000000000003
-24.018000666666666 7.746666666666666

-20.945749 9.49325
-24.04866722222222 7.400555555555556

-20.945749 9.49325
-24.07933377777778 7.054444444444444

-20.146201 3.5674
-24.110000333333335 6.708333333333333

-22.697999 3.6283333333333334
-24.14066688888889 6.362222222222222

-20.88685614285714 8.663285714285713
-24.171333444444446 6.016111111111111

-19.31716766666667 3.3818333333333337
-23.851454636363638 5.633363636363637

-20.817142571428572 6.2868571428571425
-23.500909272727274 5.596727272727272

-22.165498999999997 9.433
-23.15036390909091 5.560090909090909

-20.5690005 6.0595
-22.799818545454546 5.523454545454546

-23.472000333333334 8.956333333333333
-22.449273181818185 5.486818181818182

-20.4528006 5.188400000000001
-22.09872781818182 5.450181818181818

-20.820928214285715 7.429142857142857
-21.748182454545457 5.413545454545455

-21.54200025 2.37575
-21.397637090909093 5.376909090909091

-20.5690005 6.0595
-21.04709172727273 5.340272727272728

-20.80935692857143 7.198285714285714
-20.696546363636365 5.303636363636364

-18.296666333333334 6.675666666666666
-20.356334333333336 4.9935

-20.383201000000003 4.2824
-20.366667666666668 4.720000000000001

-19.019750875 3.55225
-20.377001 4.4465

-17.1332505 4.704000000000001
-20.387334333333335 4.173

-13.118777777777778 1.9949999999999999
-20.39766766666667 3.8994999999999997

-19.97166766666667 3.5283333333333333
-20.146201 3.5674

-2.2503657758276834 3.4959405664140406
-19.884401 3.5088

-18.58275 6.3785
-19.622601000000003 3.4502

-18.782000500000002 4.21
-19.360801000000002 3.3916

-20.8540005 3.62925
-19.07563257894737 3.603421052631579

-17.232000199999998 6.4066
-19.052264157894736 3.873842105263158

-12.174666666666667 9.712666666666665
-19.028895736842106 4.144263157894737

-23.472000333333334 8.956333333333333
-19.005527315789475 4.414684210526316

-18.9722008 3.6838
-18.982158894736845 4.685105263157895

-10.692 3.9178333333333333
-18.95879047368421 4.955526315789474

-18.932501000000002 5.25975
-18.93542205263158 5.225947368421053

-18.62500009090909 6.960090909090909
-18.91205363157895 5.496368421052631

-19.589876 3.442875
-18.88868521052632 5.766789473684211

-17.1332505 4.704000000000001
-18.865316789473685 6.037210526315789

-15.383285571428571 3.4812857142857143
-18.841948368421054 6.307631578947369

-8.888666666666667 8.349
-18.818579947368423 6.578052631578948

-16.984333 2.868666666666667
-18.795211526315793 6.848473684210527

-18.357143 9.063285714285714
-18.77184310526316 7.118894736842106

-15.869799599999999 3.4476
-18.748474684210528 7.3893157894736845

-18.4812505 8.8165
-18.725106263157898 7.659736842105263

-13.172222222222222 3.55
-18.701737842105267 7.930157894736842

-14.35 9.0565
-18.678369421052633 8.20057894736842

-20.443091545454546 5.195545454545455
-18.56812575 8.64375

-11.378714285714285 9.735857142857142
-18.4812505 8.8165

-18.849251000000002 6.223125
-18.394375250000003 8.98925

-13.124444444444444 8.926222222222222
-18.3075 9.161999999999999

-17.5770006 1.8860000000000001
-18.22062475 9.33475

-15.516 9.7136
-18.1337495 9.5075

-17.6295005 9.1675
-18.046874250000002 9.68025

-7.700285714285714 4.073928571428572
-17.57466575 9.835916666666666

-8.29 3.2560000000000002
-17.1893325 9.818833333333334

-17.233333333333334 8.519111111111112
-16.80399925 9.80175

-14.161888888888889 4.472
-16.418666 9.784666666666666

-18.649500833333335 8.193999999999999
-16.03333275 9.767583333333333

-14.224499999999999 8.9905
-15.647999500000001 9.750499999999999

-15.924 9.77
-15.26266625 9.733416666666667

-16.5770008 2.1944
-14.877333 9.716333333333333

-6.5520000000000005 10.215
-14.49199975 9.69925

-11.967875 2.96425
-14.1066665 9.682166666666667

-21.766999 9.567
-13.72133325 9.665083333333333

-0.7132000000000001 9.203
-13.268 9.416

-18.791538923076924 2.5683846153846153
-13.2 9.184

-15.869799599999999 3.4476
-13.132 8.952

-3.0745555555555555 2.921222222222222
-13.064 8.719999999999999

-19.426251 3.40625
-12.996 8.488

-12.6776 3.1684
-12.927999999999999 8.256

-18.6418006 7.8062000000000005
-12.9195 8.226999999999999

-8.14375 4.2105
-12.979 8.43

-15.187857142857142 9.100428571428571
-13.038499999999999 8.633

-12.029499999999999 9.720749999999999
-13.097999999999999 8.835999999999999

-6.002 2.836909090909091
-13.1575 9.039

-12.6298 2.6394
-13.217 9.241999999999999

-17.211000499999997 5.9350000000000005
-13.2765 9.445

-17.603285285714286 3.358714285714286
-12.9876 9.667399999999999

-4.7514 7.7862
-12.6392 9.6868

-10.2754 3.0696
-12.2908 9.706199999999999

-2.1080243318707623 3.50320542481053
-11.9424 9.7256

-5.047000000000001 8.442
-11.2926 9.732199999999999

-12.465 9.6965
-10.9912 9.719399999999998

-4.1815 10.65175
-10.6898 9.7066

-7.4635 9.714
-10.388399999999999 9.6938

-8.7094 9.7386
-9.8 9.693

-4.0052 9.0752
-9.513 9.705

-9.622692307692308 8.66376923076923
-9.225999999999999 9.716999999999999

-3.1275 10.6775
-8.939 9.729

-8.357 9.403500000000001
-8.652000000000001 9.741

-3.7426 8.536200000000001
-8.092416666666667 9.69725

-10.560916234543278 3.071784603111288
-7.819833333333333 9.6415

-7.1819999999999995 2.64575
-7.54725 9.58575

-11.9424 9.7256
-7.274666666666667 9.53

-4.792833333333333 7.7885
-7.002083333333333 9.47425

-9.984250897487035 3.1012165935380933
-6.7295 9.4185

-3.0762857142857145 2.902857142857143
-6.456916666666666 9.36275

-0.576 6.303333333333334
-6.184333333333333 9.307

-7.487125 1.6275
-5.91175 9.251249999999999

-4.935 10.6666
-5.639166666666666 9.1955

-4.858827586206896 9.986586206896552
-5.366583333333333 9.13975

-21.505845923076922 3.634
-5.08952380952381 9.022857142857143

-21.505845923076922 3.634
-5.08504761904762 8.961714285714285

-7.4635 9.714
-5.080571428571429 8.900571428571428

-3.1079999999999997 3.992
-5.076095238095238 8.839428571428572

-4.2956666666666665 10.654
-5.0716190476190475 8.778285714285714

-5.4204 3.5711999999999997
-5.067142857142858 8.717142857142857

-0.9838 10.31
-5.062666666666667 8.655999999999999

-1.614 10.0178
-5.058190476190476 8.594857142857142

-5.163 10.0368
-5.053714285714286 8.533714285714286

-5.360909090909091 9.191454545454546
-5.0492380952380955 8.472571428571428

-2.419 10.0785
-5.044761904761905 8.411428571428571

-4.171333333333333 7.754
-5.040285714285714 8.350285714285715

-10.868 3.4
-5.035809523809524 8.289142857142856

-3.964166666666667 7.7425
-5.031333333333333 8.228

-2.9080000000000004 7.7346
-5.026857142857143 8.166857142857143

-9.40125 5.607125
-5.022380952380953 8.105714285714285

-2.4665 2.039
-5.017904761904762 8.044571428571428

-5.047000000000001 8.442
-5.013428571428571 7.983428571428571

-2.625 7.7358
-5.008952380952381 7.922285714285714

-2.097074990027922 3.503764260071799
-5.004476190476191 7.861142857142857

-5.0705 8.763
-4.816 7.8875714285714285

-2.4665 2.039
-4.632 7.975142857142857

-0.5535 5.59875
-4.448 8.062714285714286

-3.057384615384615 3.7615384615384615
-4.264 8.150285714285713

-4.1815 10.65175
-4.08 8.237857142857143

-5.0352500000000004 8.2815
-3.896 8.32542857142857

-3.964166666666667 7.7425
-3.7119999999999997 8.413

-5.01175 7.9605
-3.528 8.500571428571428

-2.6355 10.437166666666668
-3.3440000000000003 8.588142857142858

-1.8454285714285714 9.734428571428571
-3.16 8.675714285714285

-9.674019545273234 3.1170502592740323
-2.976 8.763285714285715

-11.267399999999999 1.6898
-2.792 8.850857142857143

-6.962232548863183 3.2554551256481847
-2.608 8.93842857142857

-4.6588 4.071
-2.423111111111111 9.213111111111111

-4.4135 9.0785
-2.422222222222222 9.400222222222222

-4.4135 9.0785
-2.421333333333333 9.587333333333333

-5.053714285714286 8.533714285714286
-2.420444444444444 9.774444444444445

-0.6056 7.6537999999999995
-2.4195555555555557 9.961555555555556

-9.237333333333334 3.0434444444444444
-2.4186666666666667 10.148666666666667

-0.7132000000000001 9.203
-2.417777777777778 10.335777777777778

-2.0382857142857143 9.498285714285714
-2.416888888888889 10.52288888888889

-5.0705 8.763
-2.690733333333333 10.731000000000002

-2.0382857142857143 9.498285714285714
-2.965466666666667 10.752

-6.3182 1.5046
-3.2402 10.773000000000001

-7.5355 2.085
-3.5149333333333335 10.794

-7.808666666666666 4.632666666666666
-3.7896666666666667 10.815000000000001

-5.0705 8.763
-4.0644 10.836

-10.009666666666666 8.486333333333333
-4.339133333333334 10.857000000000001

-2.3844375 1.993
-4.613866666666667 10.878

-8.214 2.8256666666666668
-4.8886 10.899000000000001

-4.3785 7.765499999999999
-5.163333333333334 10.92

-6.013076923076923 2.3127692307692307
-5.438066666666668 10.941

-9.4435 3.2895000000000003
-5.7128000000000005 10.962

-10.09 4.208571428571428
-5.987533333333333 10.983

-4.7476666666666665 3.5815
-6.262266666666667 11.004

-2.2613151176705237 3.495381731152772
-6.540571428571429 10.832142857142857

-2.419 10.0785
-6.544142857142857 10.639285714285714

-2.247666666666667 1.9163333333333334
-6.547714285714286 10.446428571428571

-12.6392 9.6868
-6.551285714285714 10.25357142857143

-12.336428285714284 9.730142857142857
-6.554857142857143 10.060714285714287

-10.254444444444445 9.68811111111111
-6.558428571428571 9.867857142857144

-7.077142857142857 9.697285714285714
-6.708875 9.67525

-10.029 8.785
-6.8557500000000005 9.675500000000001

-5.4204 3.5711999999999997
-7.002625 9.67575

-9.2216 5.3296
-7.1495 9.676

-5.6074 10.7779
-7.296375 9.67625

-4.225 9.606
-7.44325 9.6765

-8.341000000000001 8.7045
-7.5901250000000005 9.67675

-12.83425 4.57925
-7.737 9.677

-17.297857142857143 8.001714285714286
-7.883875 9.67725

-10.0145 8.561
-8.03075 9.6775

-7.9345 5.1985
-8.177624999999999 9.67775

-4.0424999999999995 4.859999999999999
-8.3245 9.678

-9.736777777777778 5.332666666666666
-8.471375 9.67825

-6.541166666666666 10.8
-8.61825 9.6785

-5.062666666666667 8.655999999999999
-8.765125 9.678749999999999

-10.589333333333332 9.702333333333332
-8.911999999999999 9.679

-5.163 10.0368
-9.058875 9.67925

-9.604673713601915 3.120589549262066
-9.20575 9.679499999999999

-6.541166666666666 10.8
-9.352625 9.67975

-9.766428571428571 8.539285714285715
-9.4995 9.68

-6.2714 10.9544
-9.646374999999999 9.68025

-10.1365 3.0725
-9.79325 9.680499999999999

-12.936 5.3916
-9.940125 9.68075

-7.163 9.701
-10.076125 9.513

-5.024 3.1906666666666665
-10.065249999999999 9.344999999999999

-8.805 5.577500000000001
-10.054375 9.177

-10.447773035500598 3.0775592341443954
-10.0435 9.009

-10.447773035500598 3.0775592341443954
-10.032625 8.841

-7.9345 5.1985
-10.02175 8.673

-5.9821333333333335 3.5209333333333332
-10.010875 8.504999999999999

-5.9821333333333335 3.5209333333333332
-10.0 8.337

-9.7426 9.6954
-8.341000000000001 8.7045

-3.744076923076923 8.453615384615384
-8.349 9.054

-7.4635 9.714
-8.357 9.403500000000001

-10.02175 8.673
-8.7094 9.7386

-8.0044 9.737400000000001
-9.0538 9.7242

-14.0992 9.6592
-9.3982 9.7098

-9.3982 9.7098
-9.7426 9.6954

-18.782000500000002 4.21
-10.46375 9.697

-16.48550075 2.2760000000000002
-10.840499999999999 9.713

-7.0127500000000005 9.694500000000001
-11.21725 9.729

-14.105 4.537
-12.029499999999999 9.720749999999999

-14.29 9.661999999999999
-12.465 9.6965

-13.972 9.657333333333334
-12.900500000000001 9.67225

-18.9722008 3.6838
-13.813 9.655

-14.608 9.666666666666666
-14.29 9.661999999999999

-16.967333333333336 8.571833333333334
-14.767 9.669

-15.697333333333333 9.738666666666667
-15.584 9.723

-17.49825075 5.1335
-15.924 9.77

-20.912000666666668 3.070333333333333
-16.264 9.817

-20.080751000000003 3.55275
-16.8751998 9.8618

-17.055999666666665 9.860333333333333
-17.1463996 9.8596

-17.47399975 8.726500000000001
-17.4175994 9.8574

-15.58599975 3.46725
-17.6887992 9.8552

-17.1704 8.6536
-18.1337495 9.5075

-20.710400800000002 3.2926
-18.3075 9.161999999999999

-19.535334333333335 3.4306666666666668
-18.4812505 8.8165

-15.061 4.002
-18.646750750000002 8.0555

-21.200999285714285 4.858428571428571
-18.6385005 7.640000000000001

-17.933999999999997 6.765000000000001
-18.63025025 7.2245

-20.35288988888889 5.084666666666667
-18.5906 6.4646

-15.924 9.77
-18.5592 6.1202

-17.9505005 7.596
-18.5278 5.7758

-20.897249 8.809750000000001
-18.4964 5.4314

-19.753501 3.4795
-18.570666833333334 4.794666666666666

-22.729 1.957
-18.676333666666668 4.5023333333333335

-22.495599 3.6326
-18.782000500000002 4.21

-20.354858142857143 5.032571428571429
-18.887667333333333 3.9176666666666664

-20.5411255625 5.9604375
-18.993334166666667 3.6253333333333333

-22.799198999999998 3.6262
-19.360801000000002 3.3916

-20.701999666666666 5.005
-19.622601000000003 3.4502

-24.2232002 6.0184
-19.884401 3.5088

-20.5690005 6.0595
-20.146201 3.5674

-20.167858142857146 4.9907142857142865
-20.66285785714286 3.6278571428571427

-24.2550005 6.541
-20.917714714285715 3.6297142857142854

-21.3293994 4.8522
-21.172571571428573 3.6315714285714282

-20.358401 4.9388000000000005
-21.427428428571428 3.6334285714285715

-20.912000666666668 3.070333333333333
-21.682285285714286 3.6352857142857142

-21.478399800000002 3.6338
-21.93714214285714 3.637142857142857

-22.890800000000002 1.9566000000000001
-22.495599 3.6326

-23.66699925 3.194
-22.799198999999998 3.6262

-21.1216002 3.6311999999999998
-23.102799 3.6198

-23.58099975 2.3680000000000003
-23.406399 3.6134

-22.431428285714286 2.429857142857143
-23.685427714285716 3.371

-18.58275 6.3785
-23.660856428571428 3.1350000000000002

-22.431428285714286 2.429857142857143
-23.636285142857144 2.899

-20.395601000000003 3.9542
-23.611713857142856 2.6630000000000003

-20.361501 4.85675
-23.587142571428572 2.427

-15.3873998 4.4778
-23.562571285714284 2.191

-17.33925075 1.87925
-23.1335 1.956

-22.8149995 2.7830000000000004
-22.729 1.957

-14.994333333333334 5.449666666666666
-22.3245 1.9580000000000002

-22.2436 1.9582000000000002
-21.704000142857144 2.197142857142857

-23.6536006 8.8878
-21.48800028571429 2.4352857142857145

-20.4795005 5.16875
-21.27200042857143 2.6734285714285715

-22.2436 1.9582000000000002
-21.056000571428573 2.9115714285714285

-21.1216002 3.6311999999999998
-20.840000714285715 3.1497142857142855

-18.052 3.351
-20.62400085714286 3.387857142857143

-22.419089909090907 9.347727272727273
-20.39914385714286 3.8604285714285713

-21.766999 9.567
-20.390286714285715 4.094857142857143

-23.1087998 9.093399999999999
-20.381429571428573 4.329285714285715

-20.8243996 7.4984
-20.37257242857143 4.563714285714286

-22.378000333333333 4.801333333333333
-20.36371528571429 4.7981428571428575

-20.361501 4.85675
-20.354858142857143 5.032571428571429

-20.897249 8.809750000000001
-20.4352008 5.5840000000000005

-24.212501 7.75525
-20.5244006 5.901000000000001

-20.81224975 7.256
-20.613600400000003 6.218

-22.245199 9.4062
-20.702800200000002 6.535

-24.078801 8.2358
-20.81224975 7.256

-22.9044995 9.1705
-20.8324995 7.66

-24.228500250000003 6.1055
-20.852749250000002 8.064

-20.8324995 7.66
-20.897249 8.809750000000001

-24.2232002 6.0184
-20.921498999999997 9.1515

-24.117001000000002 8.0985
-20.945749 9.49325

-20.897249 8.809750000000001
-21.288798999999997 9.7278

-23.6536006 8.8878
-21.607598999999997 9.6206

-20.8324995 7.66
-21.926399 9.5134

-24.2444004 6.3668
-22.245199 9.4062

-23.244999999999997 9.042
-22.836399399999998 9.1962

-20.354858142857143 5.032571428571429
-23.1087998 9.093399999999999

-20.937665666666664 9.379333333333333
-23.3812002 8.9906

-20.905332333333334 8.923666666666668
-23.6536006 8.8878

-20.45750075 5.663250000000001
-24.002401 8.5104

-24.067625125000003 5.556875
-24.078801 8.2358

-24.021501 8.44175
-24.155201 7.9612

-24.265600600000003 6.7152
-24.231601 7.6866

-24.212501 7.75525
-24.28150075 6.9765

-20.8324995 7.66
-24.2550005 6.541

-21.416000333333336 2.514666666666667
-24.228500250000003 6.1055

-20.392501000000003 4.03625
-24.0228335 5.519166666666667

-21.16087425 4.8603749999999994
-23.843667 5.368333333333333

-22.2282002 4.808599999999999
-23.664500500000003 5.217499999999999

-23.89485742857143 5.411428571428571
-23.485334 5.066666666666666

-23.39575075 4.99125
-23.3061675 4.9158333333333335

-20.613 5.0705
-22.565250499999998 4.792249999999999

-23.3061675 4.9158333333333335
-22.0035 4.8195

-22.565250499999998 4.792249999999999
-21.4417495 4.84675

-21.4417495 4.84675
-20.7464995 4.97225

-17.5284995 3.3600000000000003
-20.613 5.0705

-19.753501 3.4795
-20.4795005 5.16875

-20.080751000000003 3.55275
-20.4528006 5.188400000000001

-19.244445444444445 3.365555555555556
-20.5596002 5.1098

-23.3061675 4.9158333333333335
-20.6663998 5.0312

-24.2232002 6.0184
-20.7731994 4.9525999999999994

-20.395601000000003 3.9542
-21.3293994 4.8522

-21.288798999999997 9.7278
-21.778799799999998 4.8304

-22.245199 9.4062
-22.2282002 4.808599999999999

-23.244999999999997 9.042
-22.677600599999998 4.7867999999999995

-21.607598999999997 9.6206
-23.3061675 4.9158333333333335

-20.4795005 5.16875
-23.485334 5.066666666666666

-21.288798999999997 9.7278
-23.664500500000003 5.217499999999999

-24.18066766666667 7.869666666666666
-23.843667 5.368333333333333

-23.9870002 5.489
-24.0228335 5.519166666666667

-24.162571571428572 6.115
-24.219666833333335 5.960333333333333

-20.4795005 5.16875
-24.237333666666668 6.250666666666667

-23.017999666666665 9.127666666666666
-24.2550005 6.541

-24.117001000000002 8.0985
-24.272667333333334 6.831333333333333

-24.265600600000003 6.7152
-24.290334166666668 7.121666666666666

-24.078801 8.2358
-24.212501 7.75525

-20.358401 4.9388000000000005
-24.117001000000002 8.0985

-24.078801 8.2358
-24.021501 8.44175

-21.27200042857143 2.6734285714285715
-23.5855005 8.913499999999999

-20.905332333333334 8.923666666666668
-23.244999999999997 9.042

-20.937665666666664 9.379333333333333
-22.9044995 9.1705

-20.852749250000002 8.064
-22.165498999999997 9.433

-17.62099925 9.85575
-21.766999 9.567

-18.691143142857143 2.318714285714286
-21.368499 9.701

-24.03661553846154 5.530769230769231
-20.950598999999997 9.5616

-20.925499249999998 9.08925
-20.931199 9.2882

-23.7720004 5.308
-20.911799 9.014800000000001

-22.165498999999997 9.433
-20.892399 8.7414

-20.8324995 7.66
-20.8567992 8.1448

-20.8540005 3.62925
-20.840599400000002 7.8216

-20.945749 9.49325
-20.8243996 7.4984

-20.6663998 5.0312
-20.8081998 7.1752

-22.565250499999998 4.792249999999999
-20.702800200000002 6.535

-23.6536006 8.8878
-20.613600400000003 6.218

-21.4417495 4.84675
-20.5244006 5.901

-17.33925075 1.87925
-20.4352008 5.5840000000000005

-16.48550075 2.276
-20.358401 4.9388000000000005

-20.45750075 5.663250000000001
-20.370801 4.6106

-23.330499 3.615
-20.383201000000003 4.2824

-22.318499 3.636333333333333
-20.395601000000003 3.9542

-17.211000499999997 5.9350000000000005
-20.080751000000003 3.55275

-17.1900008 5.4634
-19.753501 3.4795

-18.4812505 8.8165
-19.426251 3.40625

-9.845285714285714 3.946571428571428
-18.6802006 3.3402000000000003

-7.7942857142857145 4.568
-18.2614002 3.3474000000000004

-12.6776 3.1684
-17.8425998 3.3546

-16.53199925 3.4017500000000003
-17.4237994 3.3618

-12.390142857142857 2.9294285714285713
-16.626599199999998 3.3952

-9.4456 3.573
-16.248199399999997 3.4214

-12.6096 2.3708
-15.869799599999999 3.4476

-12.612125 2.404375
-15.4913998 3.4738

-18.075832666666667 9.622666666666667
-15.0805 3.8137499999999998

-17.22850025 6.328
-15.048 4.1274999999999995

-9.56275 5.28825
-15.0155 4.44125

-16.264 9.817
-14.98725 5.015499999999999

-6.8469999999999995 3.8869999999999996
-14.9915 5.276

-17.304142142857142 3.363857142857143
-14.995750000000001 5.5365

-7.9985 4.200333333333333
-14.662166666666668 5.778666666666666

-6.0207999999999995 10.0738
-14.324333333333334 5.7603333333333335

-8.349 9.054
-13.9865 5.742

-14.324333333333334 5.7603333333333335
-13.648666666666667 5.7236666666666665

-14.6204 3.3816
-13.310833333333335 5.705333333333334

-14.409285714285714 3.330857142857143
-12.936 5.3916

-14.043 4.593500000000001
-12.899000000000001 5.0962000000000005

-10.558571428571428 4.522
-12.862 4.800800000000001

-9.7492 4.2584
-12.825000000000001 4.5054

-9.44425 3.39075
-12.7535 3.8845

-9.44875 3.9982499999999996
-12.719000000000001 3.559

-14.057428571428572 3.2462857142857144
-12.6845 3.2335

-6.9544 3.0545999999999998
-12.6298 2.6393999999999997

-4.613352941176471 4.869176470588235
-12.6096 2.3708

-12.7535 3.8845
-12.5894 2.1022

-11.175857142857142 1.6987142857142858
-12.5692 1.8336

-8.3458 8.914200000000001
-12.262666666666666 1.8138333333333332

-3.6372 3.5532
-11.976333333333333 2.0626666666666664

-6.551285714285714 10.25357142857143
-11.69 2.3114999999999997

-15.743666333333332 3.4563333333333333
-11.403666666666666 2.5603333333333333

-14.131285714285715 5.7498571428571426
-11.117333333333333 2.8091666666666666

-14.043 4.593500000000001
-10.85875 3.3145

-7.9345 5.1985
-10.8865 3.5709999999999997

-3.5946 4.8528
-10.91425 3.8274999999999997

-4.2542 7.7585999999999995
-10.6935 4.120333333333333

-7.636 3.19
-10.445 4.156666666666666

-9.083241379310344 3.313137931034483
-10.1965 4.193

-8.828 2.9563333333333333
-9.948 4.229333333333333

-8.3522 9.1938
-9.6995 4.265666666666666

-8.357 9.403500000000001
-9.4808 4.5649999999999995

-8.341000000000001 8.7045
-9.5106 4.827999999999999

-8.0566 4.2044
-9.5404 5.090999999999999

-12.465 9.6965
-9.5702 5.354

-10.6736 4.3906
-9.5702 5.354

-12.043666666666667 2.9579999999999997
-9.5404 5.091

-6.8469999999999995 3.8869999999999996
-9.5106 4.827999999999999

-12.465 9.6965
-9.4808 4.5649999999999995

-12.719000000000001 3.559
-9.448 3.897

-2.4226666666666667 9.306666666666667
-9.445 3.492

-9.0736 3.0086
-9.153 3.269166666666667

-4.7456 4.605
-8.864 3.4513333333333334

-8.349 9.054
-8.575 3.6334999999999997

-8.365724137931036 3.7654137931034484
-8.286 3.8156666666666665

-7.0127500000000005 9.694500000000001
-7.997 3.9978333333333333

-9.3854 9.150599999999999
-7.7684 4.4516

-8.809285714285714 8.349857142857143
-7.8288 4.7232

-7.91425 9.7335
-7.8892 4.9948

-1.1110000000000002 3.5255
-7.9496 5.2664

-7.5032499999999995 1.78
-7.959666666666666 5.3116666666666665

-9.444333333333333 8.343
-7.9093333333333335 5.085333333333334

-8.3458 8.914200000000001
-7.859 4.859

-3.3646666666666665 10.666666666666666
-7.808666666666666 4.632666666666666

-2.4665 2.039
-7.758333333333334 4.406333333333333

-18.646750750000002 8.0555
-7.6864 3.8829999999999996

-5.0371999999999995 4.2
-7.6648 3.586

-8.358600000000001 9.4734
-7.6432 3.2889999999999997

-16.626599199999998 3.3952
-7.6216 2.992

-8.645999999999999 5.5696
-7.56775 2.3899999999999997

-16.53199925 3.4017500000000003
-7.5355 2.085

-6.766181818181818 2.8529999999999998
-7.5032499999999995 1.78

-3.793 3.5505
-7.230833333333333 1.4811666666666667

-7.907 2.760333333333333
-6.990666666666667 1.4873333333333334

-0.6981666666666667 9.1415
-6.750500000000001 1.4935

-3.0957500000000002 2.69625
-6.5103333333333335 1.4996666666666667

-0.921 3.5256666666666665
-6.270166666666666 1.5058333333333334

-1.3960000000000001 3.5252499999999998
-6.0096 1.7092

-9.8 9.693
-5.9892 1.9064

-15.416333333333334 9.565583333333333
-5.9688 2.1036

-5.6325 3.5797499999999998
-5.9484 2.3008

-5.947333333333333 2.8633333333333333
-5.9425 2.7720000000000002

-6.317333333333334 9.576500000000001
-5.957 3.0460000000000003

-6.5432500000000005 10.6875
-5.9715 3.32

-10.024857142857142 8.721
-5.7032 3.5826

-0.5406666666666667 4.076
-5.4204 3.5711999999999997

-0.7132000000000001 9.203
-5.1376 3.5598

-3.533333333333333 3.555
-4.8548 3.5484

-2.01425 3.53475
-4.6154 3.804

-3.7477692307692307 8.247153846153847
-4.6588 4.071

-7.163 9.701
-4.7021999999999995 4.338

-3.3646666666666665 10.666666666666666
-4.7456 4.605

-0.8485 9.756499999999999
-4.490399999999999 4.8671999999999995

-6.674799999999999 3.8284
-4.1918 4.8624

-6.674799999999999 3.8284
-3.8931999999999998 4.8576

-5.9748 9.438600000000001
-3.5946 4.8528

-9.925854407658555 3.1041970482648584
-3.2489999999999997 4.634

-4.829090909090909 3.5473636363636363
-3.202 4.42

-8.289 4.220666666666666
-3.155 4.2059999999999995

-0.7132000000000001 9.203
-3.1079999999999997 3.992

-0.5408000000000001 3.856
-3.061 3.778

-2.13825 1.855
-3.04125 3.27475

-3.050333333333333 3.1783333333333332
-3.0685000000000002 2.9855

-0.567 6.0215
-3.0957500000000002 2.69625

-0.54025 4.7635000000000005
-2.904166666666667 2.2843333333333335

-2.0726 1.8182
-2.6853333333333333 2.1616666666666666

-9.878407259672915 3.1066186677303547
-2.4665 2.039

-9.896656162744316 3.1056872756282408
-2.247666666666667 1.9163333333333334

-0.54025 4.7635000000000005
-2.0288333333333335 1.7936666666666667

-7.91425 9.7335
-1.7885 1.98

-4.807666666666667 3.5465
-1.7670000000000001 2.289

-5.186 10.3544
-1.7455 2.598

-1.7326000000000001 2.7834
-1.724 2.907

-3.521166666666667 7.732
-1.7025000000000001 3.216

-1.8425757575757575 3.5297272727272726
-1.453 3.5252

-7.514 1.8816666666666668
-1.225 3.5254

-0.5805 6.44425
-0.9969999999999999 3.5256

-1.7068 3.1542
-0.7689999999999999 3.5258

-3.66925 4.854
-0.5408000000000001 3.856

-5.163 10.0368
-0.5406000000000001 4.186

-0.5998 7.2604
-0.5404 4.516

-1.7777500000000002 2.1345
-0.5402 4.846

-6.231999999999999 3.6777142857142855
-0.5508000000000001 5.5142

-2.3625 8.05925
-0.5616 5.8524

-0.6085 7.8505
-0.5724 6.1906

-0.6056 7.6537999999999995
-0.5831999999999999 6.5288

-3.1275 10.6775
-0.60125 7.35875

-0.6113999999999999 8.0472
-0.6085 7.8505

-0.9236666666666667 10.064
-0.61575 8.34225

-0.8485 9.756499999999999
-0.6981666666666667 9.1415

-2.0805 10.702250000000001
-0.7733333333333333 9.449

-0.73575 9.29525
-0.8485 9.756499999999999

-7.859 4.859
-0.9236666666666666 10.064

-6.3304 3.7112
-0.9988333333333334 10.371500000000001

-7.7835 4.5195
-1.4095 10.68675

-2.4186666666666667 10.148666666666667
-1.745 10.694500000000001

-6.111 10.007333333333333
-2.0805 10.702250000000001

-4.387 10.6558
-2.417333333333333 10.429333333333334

-4.1815 10.65175
-2.4186666666666667 10.148666666666667

-2.8903333333333334 10.688333333333334
-2.42 9.868

-10.1965 4.193
-2.421333333333333 9.587333333333333

-2.6807499999999997 3.55425
-2.4226666666666667 9.306666666666667

-5.8855 10.1735
-2.7512499999999998 9.037749999999999

-6.5432500000000005 10.6875
-3.0785 9.0495

-5.7501999999999995 10.273200000000001
-3.4057500000000003 9.061250000000001

-8.359666666666667 9.52
-4.0052 9.0752

-8.349 9.054
-4.2774 9.0774

-7.9345 5.1985
-4.5496 9.0796

-6.557 9.945
-4.8218000000000005 9.0818

-7.1029 9.698400000000001
-5.3876 9.2022

-7.0127500000000005 9.694500000000001
-5.6812000000000005 9.3204

-8.357 9.403500000000001
-5.9748 9.438600000000001

-9.3982 9.7098
-6.2684 9.5568

-6.6316 3.2344
-6.862500000000001 9.688

-6.9226 9.6906
-7.163 9.701

-10.0522 9.1434
-7.4635 9.714

-7.91425 9.7335
-7.764 9.727

-8.0044 9.737400000000001
-8.0645 9.74

-8.349 9.054
-8.359666666666667 9.52

-7.076666666666666 2.3006666666666664
-8.354333333333333 9.287

-7.643800000000001 9.7218
-8.349 9.054

-9.48825 4.63075
-8.343666666666667 8.821

-6.206666666666667 2.5308333333333337
-8.338333333333333 8.588000000000001

-9.0085 3.36025
-8.341000000000001 8.7045

-8.354333333333333 9.287
-8.349 9.054

-8.359666666666667 9.52
-8.357 9.403500000000001

-7.4635 9.714
-8.0044 9.737400000000001

-8.349 9.054
-7.643800000000001 9.7218

-5.047000000000001 8.442
-7.283200000000001 9.7062

-5.075200000000001 8.8272
-6.9226 9.6906

-0.6874285714285714 9.097571428571428
-6.268400000000001 9.5568

-4.5836250000000005 9.079875
-5.9748 9.438600000000001

-3.5544 10.658
-5.6812000000000005 9.3204

-10.053596729158356 3.0976773035500598
-5.387600000000001 9.2022

-0.6172 8.4406
-4.640333333333333 9.080333333333334

-0.73575 9.29525
-4.1866666666666665 9.076666666666666

-3.786 9.859
-3.4057500000000003 9.061250000000001

-0.567 6.0215
-3.0785 9.0495

-1.4095 10.68675
-2.7512499999999998 9.037749999999999

-0.6113999999999999 8.0472
-2.154 9.3566

-0.8936000000000001 9.940999999999999
-1.884 9.6872

-2.8903333333333334 10.688333333333334
-1.614 10.0178

-0.5988333333333333 7.194833333333333
-1.344 10.3484

-5.540571428571429 2.794857142857143
-0.9838 10.31

-0.8485 9.756499999999999
-0.8936000000000001 9.941

-2.3986896551724133 10.436655172413793
-0.8034 9.572

-0.5406000000000001 4.186
-0.7132000000000001 9.203

-0.57375 6.232875
-0.6172 8.4406

-2.2373125 9.976375
-0.6113999999999999 8.0472

-2.633592740327085 3.476381332269645
-0.6056 7.6538

-4.130002792181891 3.4000071798962903
-0.5998 7.2604

-4.700545454545455 3.542181818181818
-0.5831999999999999 6.5288

-3.2154285714285713 4.481142857142857
-0.5724 6.1906

-2.8604000000000003 2.2598000000000003
-0.5616 5.8524

-3.793 3.5505
-0.5508000000000001 5.514200000000001

-3.04125 3.27475
-0.54025 4.7635000000000005

-6.9226 9.6906
-0.5405 4.351

-0.6056 7.6538
-0.5407500000000001 3.9385

-3.086666666666667 2.792666666666667
-0.8260000000000001 3.52575

-0.5998 7.2604
-1.1110000000000002 3.5255

-2.5696666666666665 3.551
-1.3960000000000001 3.5252499999999998

-3.8125 10.251999999999999
-2.01425 3.53475

-14.324333333333334 5.7603333333333335
-2.3475 3.5445

-7.9684 2.7734
-2.6807499999999997 3.55425

-10.756777777777778 9.709444444444443
-3.3255999999999997 3.5586

-1.9975714285714288 1.7761428571428572
-3.6372 3.5532

-17.7355005 1.8905
-3.9488 3.5478

-12.92675 5.31775
-4.2604 3.5423999999999998

-5.514666666666667 3.5749999999999997
-5.043333333333333 3.556

-19.753501 3.4795
-5.514666666666667 3.5749999999999997

-6.273 3.6916666666666664
-6.232 3.6777142857142855

-18.278 6.787
-6.478 3.761428571428571

-11.213999999999999 1.695
-6.724 3.845142857142857

-13.342785714285714 8.090214285714286
-6.97 3.928857142857143

-17.135 8.72925
-7.216 4.0125714285714285

-8.0566 4.2044
-7.462 4.096285714285714

-10.062142857142858 9.296999999999999
-8.0566 4.2044

-12.014999999999999 1.617
-8.4052 4.2288

-10.946285714285713 2.0585714285714287
-8.7538 4.2532

-17.2969992 3.7126
-9.102400000000001 4.2776

-17.8940004 1.895
-9.7492 4.2584

-10.8355 4.099571428571428
-10.0474 4.214799999999999

-9.4465 3.6944999999999997
-10.345600000000001 4.1712

-10.522333333333332 3.0644444444444443
-10.6438 4.127599999999999

-12.889086956521739 4.179130434782609
-11.205714285714286 4.101999999999999

-9.78925 3.07975
-11.46942857142857 4.12

-15.069666666666667 3.9183333333333334
-11.733142857142857 4.138

-10.889 2.3895
-11.996857142857143 4.156

-12.620181818181818 4.198545454545455
-12.26057142857143 4.1739999999999995

-15.9939995 4.062
-12.524285714285714 4.192

-9.82375 4.2475
-12.772666666666668 4.065333333333333

-9.44425 3.39075
-12.757333333333333 3.9206666666666665

-7.9345 5.1985
-12.742 3.776

-9.448 3.897
-12.726666666666667 3.631333333333333

-13.353714285714286 3.077142857142857
-12.711333333333334 3.4866666666666664

-19.753501 3.4795
-12.696 3.342

-9.4808 4.5649999999999995
-12.680666666666667 3.1973333333333334

-9.983428571428572 5.179
-12.665333333333333 3.0526666666666666

-12.2286 1.5962
-12.63557142857143 2.716142857142857

-7.059285714285714 1.4855714285714285
-12.621142857142857 2.524285714285714

-12.996 8.488
-12.606714285714286 2.3324285714285713

-11.213999999999999 1.695
-12.592285714285714 2.1405714285714286

-12.56342857142857 1.7568571428571427
-12.577857142857143 1.9487142857142856

-11.267399999999999 1.6898
-12.56342857142857 1.7568571428571427

-9.448 3.897
-12.565833333333334 1.7888333333333333

-8.3458 8.914200000000001
-12.582666666666666 2.0126666666666666

-18.4964 5.4314
-12.599499999999999 2.2365

-9.282 5.6012
-12.616333333333333 2.4603333333333333

-18.3075 9.161999999999999
-12.633166666666668 2.6841666666666666

-12.029499999999999 9.720749999999999
-12.6845 3.2335

-17.1900008 5.4634
-12.719000000000001 3.559

-20.7648006 3.6286
-12.7535 3.8845

-10.48375 3.06525
-13.078625 4.12125

-18.984800800000002 3.0490000000000004
-13.369250000000001 4.0325

-17.491666 3.9416666666666664
-13.659875 3.94375

-13.596695652173914 3.9630434782608694
-13.9505 3.855

-15.048 4.1274999999999995
-14.241125 3.76625

-14.617166666666668 4.664166666666667
-14.531749999999999 3.6775

-18.646750750000002 8.0555
-14.822375 3.58875

-19.360801000000002 3.3916
-15.418000166666667 3.228

-17.5889994 4.0562000000000005
-15.723000333333333 2.956

-18.646750750000002 8.0555
-16.0280005 2.684

-20.370801 4.6106
-16.333000666666667 2.412

-23.330499 3.615
-16.638000833333336 2.14

-18.827286285714287 4.084714285714286
-17.33925075 1.87925

-20.39914385714286 3.8604285714285713
-17.7355005 1.8905

-21.901363545454544 4.824454545454545
-18.13175025 1.90175

-19.360801000000002 3.3916
-18.642200199999998 2.197

-20.384751 4.241375
-18.7564004 2.481

-17.4237994 3.3618
-18.8706006 2.765

-20.912000666666668 3.070333333333333
-18.984800800000002 3.0490000000000004

-24.2550005 6.541
-19.426251 3.40625

-24.265600600000003 6.715199999999999
-19.753501 3.4795

-20.524000333333333 5.136
-20.080751000000003 3.55275

-24.078801 8.2358
-20.392501000000003 4.03625

-20.080751000000003 3.55275
-20.377001 4.4465

-24.002401 8.5104
-20.361501 4.85675

-23.93325025 5.44375
-20.4795005 5.16875

-23.587714857142856 5.152857142857142
-20.613 5.0705

-24.237333666666668 6.250666666666667
-20.7464995 4.97225

-20.701999666666666 5.005
-21.628999666666665 4.837666666666666

-20.361501 4.85675
-22.378000333333333 4.801333333333333

-23.664500500000003 5.217499999999999
-23.3420008 4.946

-24.284445222222224 7.0248888888888885
-23.557000600000002 5.127

-20.81224975 7.256
-23.7720004 5.308

-20.905332333333334 8.923666666666668
-23.9870002 5.489

-24.272667333333334 6.831333333333333
-24.0228335 5.519166666666667

-22.0035 4.8195
-23.843667 5.368333333333333

-23.93325025 5.44375
-23.664500500000003 5.217499999999999

-20.361501 4.85675
-23.485334 5.066666666666666

-23.246445333333334 4.865555555555555
-23.3061675 4.9158333333333335

-23.3061675 4.9158333333333335
-22.378000333333333 4.801333333333333

-22.0035 4.8195
-21.628999666666665 4.837666666666666

-20.937665666666664 9.379333333333333
-20.701999666666666 5.005

-20.7464995 4.97225
-20.524000333333333 5.136

-20.377001 4.4465
-20.358401 4.9388000000000005

-21.7459995 3.63575
-20.370801 4.6106

-20.366667666666668 4.720000000000001
-20.383201000000003 4.2824

-20.370801 4.6106
-20.395601000000003 3.9542

-22.175714142857146 2.1944285714285714
-20.080751000000003 3.55275

-19.535334333333335 3.4306666666666668
-19.753501 3.4795

-12.3265 4.1785
-19.426251 3.40625

-15.200333333333333 9.228333333333333
-18.9722008 3.6838

-12.0364 9.6612
-18.8454006 4.0346

-15.4913998 3.4738
-18.7186004 4.3854

-15.924 9.77
-18.5918002 4.7362

-16.984333 2.868666666666667
-18.50425 5.5175

-14.946 9.4695
-18.5435 5.948

-13.519666666666668 4.391666666666667
-18.58275 6.3785

-17.8940004 1.895
-18.403666666666666 7.066000000000001

-16.689665833333333 3.3908333333333336
-18.185333333333332 7.323

-17.279 7.5360000000000005
-17.967 7.58

-14.648 9.263
-17.74866666666667 7.837000000000001

-12.900500000000001 9.67225
-17.530333333333335 8.094000000000001

-17.0288 8.9562
-17.194000000000003 8.603166666666667

-15.21125 9.340250000000001
-17.076 8.855333333333334

-17.7964 6.7562
-16.958 9.107500000000002

-15.924 9.77
-16.84 9.359666666666667

-14.8624 9.6704
-16.722 9.611833333333333

-15.21125 9.340250000000001
-16.150666666666666 9.801333333333334

-5.962 2.1693333333333333
-15.697333333333333 9.738666666666667

-14.767 9.669
-14.926 9.671333333333333

-14.8624 9.6704
-14.608 9.666666666666666

-11.21725 9.729
-14.29 9.661999999999999

-5.966666666666667 3.228666666666667
-13.972 9.657333333333334

-2.421333333333333 9.587333333333333
-13.654 9.652666666666667

-2.117166666666667 10.397333333333334
-12.900500000000001 9.67225

-13.717600000000001 9.653599999999999
-12.465 9.6965

-14.0992 9.6592
-12.029499999999999 9.720749999999999

-9.794666666666666 9.459999999999999
-11.091666666666667 9.723666666666666

-9.6565 9.699
-10.589333333333332 9.702333333333332

-7.4635 9.714
-9.794666666666666 9.459999999999999

-12.029499999999999 9.720749999999999
-9.502333333333333 9.238999999999999

-8.7094 9.7386
-9.21 9.018

-3.48325 10.661249999999999
-8.917666666666667 8.797

-4.3785 7.765499999999999
-8.625333333333334 8.576

-2.3537142857142856 7.921142857142858
-8.333 8.355

-17.945201 4.4226
-16.604 9.864

-20.26255655555556 3.593444444444444
-16.94299975 9.86125

-16.150666666666666 9.801333333333334
-17.281999499999998 9.8585

-11.2926 9.732199999999999
-17.62099925 9.85575

-22.032665666666666 9.477666666666666
-17.79799925 9.4775

-16.159000600000002 3.0228
-17.6359995 9.102

-14.0992 9.6592
-17.47399975 8.726500000000001

-4.9254999999999995 3.55125
-17.2955 7.9435

-18.517333333333333 5.661
-17.279 7.5360000000000005

-6.6748 3.8284
-17.2625 7.128500000000001

-14.738888888888889 5.475999999999999
-17.22850025 6.328

-16.9554006 2.1682
-17.211000499999997 5.9350000000000005

-18.2614002 3.3474000000000004
-17.19350075 5.542

-13.177333333333333 9.106666666666666
-17.1332505 4.704

-17.039199399999998 3.725
-17.0905 4.259

-18.736714714285714 4.335285714285714
-17.0477495 3.814

-12.282 1.591
-16.689665833333333 3.3908333333333336

-6.524 3.2943333333333333
-16.374332666666664 3.412666666666667

-17.281999499999998 9.8585
-16.0589995 3.4345

-6.5968 2.5768
-15.743666333333332 3.4563333333333333

-9.44875 3.9982499999999996
-15.428333166666667 3.4781666666666666

-11.175857142857142 1.6987142857142858
-14.7025 3.4013333333333335

-12.19525 2.9455
-14.292 3.3026666666666666

-10.944857142857142 2.7337142857142855
-13.881499999999999 3.2039999999999997

-7.526285714285714 1.9978571428571428
-13.471 3.1053333333333333

-9.56275 5.28825
-13.060500000000001 3.006666666666667

-3.474 7.7322
-12.286200000000001 2.9379999999999997

-9.05942857142857 5.206428571428571
-11.9224 2.968

-9.82375 4.2475
-11.5586 2.9979999999999998

-9.817 3.33625
-11.194799999999999 3.028

-12.4365 3.0549999999999997
-10.5532 3.0638

-2.7464444444444442 3.1433333333333335
-10.2754 3.0696

-9.57525 4.283833333333333
-9.9976 3.0754

-9.484111111111112 4.594222222222221
-9.7198 3.0812

-1.5181428571428572 3.525142857142857
-9.0736 3.0086

-0.7362307692307692 3.2406153846153845
-8.7052 2.9302

-6.763999999999999 2.5965
-8.3368 2.8518

-7.361142857142857 2.666857142857143
-7.9684 2.7734

-4.2604 3.5423999999999998
-7.2656 2.6555999999999997

-0.558 5.7396666666666665
-6.9312 2.6162

-0.6113999999999999 8.0472
-6.5968 2.5768

-0.5805 6.44425
-6.2623999999999995 2.5374000000000003

-7.5484 2.207
-5.6568 2.7058

-9.473281611487835 3.1272955723972875
-5.3856 2.9136

-3.175142857142857 4.297714285714285
-5.1144 3.1214

-1.201 3.525421052631579
-4.8431999999999995 3.3292

-4.798 3.363833333333333
-4.312333333333333 3.5415

-2.7540355005983255 3.470234144395692
-4.052666666666667 3.546

-2.0561875 1.8090000000000002
-3.793 3.5505

-2.6853333333333333 2.1616666666666666
-3.533333333333333 3.555

-4.171333333333333 7.754
-3.2736666666666663 3.5595

-2.6853333333333333 2.1616666666666666
-2.791833333333333 3.5575

-1.396 3.5252499999999998
-2.5696666666666665 3.551

-6.2623999999999995 2.5374000000000003
-2.3475 3.5445

-2.1116741124850424 3.5030191463901077
-2.1253333333333333 3.538

-1.4095 10.68675
-1.9031666666666667 3.5315

-5.279 3.5655
-1.111 3.5255

-0.8936000000000001 9.940999999999999
-0.5408333333333334 3.8009999999999997

-6.076333333333333 2.6381666666666668
-0.5406666666666667 4.076

-1.729375 2.8297499999999998
-0.5405 4.351

-0.6054285714285714 7.696571428571428
-0.5403333333333333 4.626

-5.872999999999999 10.848500000000001
-0.5401666666666667 4.901

-0.792125 9.525875
-0.5508000000000001 5.5142

-6.205 10.93675
-0.5616 5.8524

-5.0705 8.763
-0.5724 6.1906

-0.823 3.1137777777777775
-0.5831999999999999 6.5288

-0.61575 8.34225
-0.5998 7.2604

-5.9748 9.438600000000001
-0.6056 7.6537999999999995

-11.9424 9.7256
-0.6113999999999999 8.0472

-0.5862857142857143 6.6254285714285714
-0.6172 8.4406

-4.866499999999999 10.66525
-0.6981666666666667 9.1415

-6.22375 9.92425
-0.7733333333333333 9.449

-6.819571428571429 9.686142857142858
-0.8485 9.756499999999999

-6.5432500000000005 10.6875
-0.9236666666666666 10.064

-3.5665714285714287 7.9159999999999995
-0.9988333333333334 10.371500000000001

-8.407499999999999 5.55775
-1.4095 10.68675

-7.3213333333333335 2.662166666666667
-1.745 10.694500000000001

-0.6113999999999999 8.0472
-2.0805 10.702250000000001

-0.576 6.303333333333334
-2.77175 10.693750000000001

-8.248666666666667 5.1295
-3.1275 10.6775

-2.6957500000000003 7.7355
-3.48325 10.661249999999999

-8.978125 9.222
-4.1815 10.65175

-6.555 2.571875
-4.524 10.6585

-6.076333333333333 2.6381666666666668
-4.8665 10.66525

-8.664689655172413 3.5769655172413795
-5.4796 10.4726

-5.750333333333333 3.5845
-5.7501999999999995 10.273200000000001

-10.029 8.785
-6.0207999999999995 10.0738

-9.1605 4.281666666666666
-6.2914 9.874400000000001

-6.5520000000000005 10.215
-6.862500000000001 9.688

-7.91425 9.7335
-7.163 9.701

-8.358600000000001 9.4734
-7.4635 9.714

-10.0348 8.8746
-7.764 9.727

-7.91425 9.7335
-8.0645 9.74

-17.2071675 1.8755000000000002
-8.357 9.403500000000001

-8.3522 9.1938
-8.349 9.054

-8.3458 8.914200000000001
-8.341000000000001 8.7045

-7.9345 5.1985
-8.333 8.355

-10.0145 8.561
-8.333 8.355

-6.4152000000000005 9.6159
-8.341000000000001 8.7045

-8.164666666666667 9.744333333333334
-8.349 9.054

-7.4635 9.714
-8.357 9.403500000000001

-8.357 9.403500000000001
-8.0645 9.74

-0.8485 9.756499999999999
-7.764 9.727

-3.8178 10.3306
-7.4635 9.714

-0.9816 9.2092
-7.163 9.701

-5.075200000000001 8.8272
-6.862500000000001 9.688

-1.73905 2.6906999999999996
-6.22375 9.92425

-0.8034 9.572
-5.8855 10.1735

-4.1918 4.8624
-5.54725 10.42275

-0.5616 5.8524
-4.866499999999999 10.66525

-0.5616 5.8524
-4.524 10.6585

-4.2045 9.173333333333334
-4.1815 10.65175

-4.866499999999999 10.66525
-3.3646666666666665 10.666666666666666

-0.5998 7.2604
-2.8903333333333334 10.688333333333334

-0.60125 7.35875
-2.0805 10.702250000000001

-0.5831999999999999 6.5288
-1.745 10.694500000000001

-1.2976666666666667 10.684166666666666
-1.4095 10.68675

-3.48325 10.661249999999999
-0.9988333333333334 10.371500000000001

-2.383 8.381499999999999
-0.9236666666666667 10.064

-0.6981666666666667 9.1415
-0.8485 9.756499999999999

-0.96125 10.21775
-0.7733333333333334 9.449

-6.2623999999999995 2.5374000000000003
-0.6981666666666667 9.1415

-2.855 10.164333333333333
-0.61575 8.34225

-1.761787878787879 3.5273636363636363
-0.6085 7.8505

-3.155 4.2059999999999995
-0.60125 7.35875

-0.7690000000000001 3.5258
-0.5805 6.44425

-1.9437777777777778 1.8813333333333333
-0.567 6.0215

-3.050333333333333 3.1783333333333337
-0.5535 5.59875

-0.5616 5.8524
-0.54025 4.7635000000000005

-3.533333333333333 3.555
-0.5405 4.351

-2.383 8.381499999999999
-0.5407500000000001 3.9385

-2.8604000000000003 2.2598000000000003
-0.921 3.5256666666666665

-7.4635 9.714
-1.3010000000000002 3.525333333333333

-5.18025 10.275
-2.01425 3.53475

-4.06775 7.74825
-2.3475 3.5445

-1.9686666666666666 10.699666666666667
-2.6807499999999997 3.55425

-4.0424999999999995 4.859999999999999
-3.0845 3.885

-2.2142 3.5406
-3.155 4.2059999999999995

-5.387499999999999 4.233
-3.2255 4.527

-5.117 9.4016
-3.66925 4.854

-9.736777777777778 5.332666666666666
-4.0424999999999995 4.859999999999999

-0.5998 7.2604
-4.415749999999999 4.866

-3.0321666666666665 3.371166666666667
-4.7456 4.6049999999999995

-0.5535 5.59875
-4.7021999999999995 4.338

-0.6085 7.8505
-4.6588 4.071

-2.0445454545454544 3.5356363636363635
-4.6154 3.804

-0.8260000000000001 3.52575
-4.807666666666667 3.5465

-12.282 1.591
-5.043333333333333 3.556

-12.639199999999999 9.6868
-5.279 3.5655

-9.4465 3.6944999999999997
-5.514666666666667 3.5749999999999997

-19.426251 3.40625
-5.750333333333333 3.5845

-7.2832 9.7062
-5.9715 3.32

-4.73475 4.53825
-5.957 3.0460000000000003

-0.5535 5.59875
-5.9425 2.7720000000000002

-11.908199999999999 1.6274
-6.2623999999999995 2.5374000000000003

-15.58599975 3.46725
-6.5968 2.5768

-18.5435 5.948
-6.9312 2.6162

-8.1365 9.912
-7.265599999999999 2.6555999999999997

-14.746625 5.78325
-7.6216 2.992

-17.4237994 3.3618
-7.6432 3.2889999999999997

-15.416333333333334 9.565583333333333
-7.6648 3.586

-12.7535 3.8845
-7.6864 3.883

-13.813 9.655
-7.7684 4.4516

-7.4635 9.714
-7.8288 4.7232

-4.025142857142857 4.098857142857143
-7.8892 4.9948

-10.6935 4.120333333333333
-7.9496 5.2664

-9.445 3.492
-8.275 5.551166666666667

-12.5692 1.8336
-8.54 5.564333333333334

-9.102400000000001 4.2776
-8.805 5.577500000000001

-5.514666666666667 3.5749999999999997
-9.07 5.5906666666666665

-9.82375 4.2475
-9.334999999999999 5.603833333333333

-8.359666666666667 9.52
-9.56275 5.28825

-10.1965 4.193
-9.525500000000001 4.9595

-9.692 3.253166666666667
-9.48825 4.63075

-6.8946000000000005 1.4898
-9.44875 3.9982499999999996

-15.090399999999999 3.9594
-9.4465 3.6944999999999997

-12.62475 2.57225
-9.44425 3.39075

-9.44875 3.9982499999999996
-9.7198 3.0812

-16.248199399999997 3.4214
-9.9976 3.0754

-23.1335 1.956
-10.2754 3.0696

-11.28575 3.0204999999999997
-10.5532 3.0638

-17.1463996 9.8596
-10.85875 3.3145

-8.645999999999999 5.5696
-10.8865 3.5709999999999997

-6.8469999999999995 3.8869999999999996
-10.91425 3.8274999999999997

-4.2604 3.5423999999999998
-11.205714285714286 4.101999999999999

-10.555 3.3068
-11.46942857142857 4.12

-17.59825025 7.1585
-11.733142857142857 4.138

-17.419999833333335 8.601333333333335
-11.996857142857143 4.156

-23.559499875 2.1615
-12.26057142857143 4.1739999999999995

-18.633000333333335 7.363
-12.524285714285714 4.192

-18.570666833333334 4.794666666666666
-13.153833333333333 4.300833333333333

-18.702750375 4.42925
-13.519666666666668 4.391666666666667

-15.924 9.77
-13.8855 4.4825

-15.1654 8.8702
-14.251333333333333 4.573333333333333

-20.377001 4.4465
-14.617166666666668 4.664166666666667

-17.216000428571427 6.047285714285715
-15.0155 4.44125

-15.069666666666667 3.9183333333333334
-15.048 4.1274999999999995

-13.89995652173913 3.8704347826086956
-15.0805 3.8137499999999998

-15.349499875 3.483625
-15.4913998 3.4738

-16.246749375 3.88875
-15.869799599999999 3.4476

-16.8872 9.2588
-16.248199399999997 3.4214

-17.055999666666665 9.860333333333333
-16.626599199999998 3.3952

-20.710400800000002 3.2926
-17.4237994 3.3618

-23.583499 3.609666666666667
-17.8425998 3.3546

-20.45750075 5.663250000000001
-18.2614002 3.3474000000000004

-22.950999 3.623
-18.6802006 3.3402000000000003

-21.315200400000002 2.6258
-19.426251 3.40625

-23.244999999999997 9.042
-19.753501 3.4795

-22.729 1.957
-20.080751000000003 3.55275

-22.2436 1.9582000000000002
-20.556667500000003 3.627083333333333

-20.892399 8.7414
-20.705334 3.6281666666666665

-20.859499166666666 8.198666666666666
-20.8540005 3.62925

-21.7459995 3.63575
-21.002667000000002 3.630333333333333

-20.390286714285715 4.094857142857143
-21.1513335 3.6314166666666665

-18.13175025 1.90175
-21.3 3.6325

-21.628999666666665 4.837666666666666
-21.4486665 3.633583333333333

-20.897249 8.809750000000001
-21.597333 3.6346666666666665

-17.1060005 3.4165
-21.7459995 3.63575

-20.827999555555557 7.570222222222222
-21.894666 3.636833333333333

-22.571499 3.631
-22.043332499999998 3.6379166666666665

-20.078786714285716 4.852571428571428
-22.495599 3.6326

-24.231601 7.6866
-22.799198999999998 3.6262

-20.8540005 3.62925
-23.102799 3.6198

-20.778285095238093 4.948857142857142
-23.406399 3.6134

-15.009 4.504
-23.6813325 3.331666666666667

-23.6813325 3.331666666666667
-23.652666 3.0563333333333333

-17.878999125 9.66525
-23.6239995 2.781

-22.890800000000002 1.9566000000000001
-23.595333 2.5056666666666665

-17.7355005 1.8905
-23.5666665 2.2303333333333333

-22.697999 3.6283333333333334
-22.99866666666667 1.9563333333333335

-18.20157157142857 3.3484285714285718
-22.459333333333333 1.9576666666666667

-18.646750750000002 8.0555
-21.66800016666667 2.2368333333333332

-17.055999666666665 9.860333333333333
-21.416000333333336 2.514666666666667

-20.786000750000003 3.20925
-21.1640005 2.7925

-21.8351994 3.6363999999999996
-20.912000666666668 3.070333333333333

-24.021501 8.44175
-20.660000833333335 3.3481666666666667

-18.799857857142857 3.3381428571428575
-20.146201 3.5674

-18.4812505 8.8165
-19.884401 3.5088

-18.13175025 1.90175
-19.622601000000003 3.4502

-10.9238 1.9884
-19.360801000000002 3.3916

-18.644000666666667 7.917
-18.94050075 3.7715

-18.50425 5.5175
-18.782000500000002 4.21

-17.419999833333335 8.601333333333335
-18.62350025 4.6485

-17.29 7.807666666666667
-18.50425 5.5175

-17.2625 7.128500000000001
-18.5435 5.948

-17.80009090909091 5.978272727272727
-18.58275 6.3785

-18.14275025 5.1025
-18.6286002 7.1414

-13.8855 4.4825
-18.635200400000002 7.4738

-14.304304347826086 3.7469565217391305
-18.6418006 7.8062000000000005

-18.4812505 8.8165
-18.6484008 8.1386

-16.94299975 9.86125
-18.4812505 8.8165

-17.055999666666665 9.860333333333333
-18.3075 9.161999999999999

-12.6298 2.6394
-18.1337495 9.5075

-14.8624 9.6704
-17.62099925 9.85575

-14.4808 9.6648
-17.281999499999998 9.8585

-15.584 9.723
-16.94299975 9.86125

-15.933333333333334 9.234333333333334
-16.150666666666666 9.801333333333334

-15.584 9.723
-15.697333333333333 9.738666666666667

-14.0992 9.6592
-15.2178 9.4074

-12.029499999999999 9.720749999999999
-15.1916 9.1388

-17.62099925 9.85575
-15.1654 8.8702

-11.403500000000001 4.1155
-15.139199999999999 8.6016

-13.648666666666667 5.7236666666666665
-14.816833333333333 8.552166666666666

-16.622666666666667 8.792666666666667
-14.520666666666667 8.771333333333333

-14.224499999999999 8.9905
-14.224499999999999 8.9905

-17.62099925 9.85575
-13.928333333333333 9.209666666666667

-14.767 9.669
-13.632166666666667 9.428833333333333

-1.4095 10.68675
-12.900500000000001 9.67225

-2.4035 8.70375
-12.465 9.6965

-10.9912 9.719399999999998
-12.029499999999999 9.720749999999999

-0.5403333333333333 4.626
-11.21725 9.729

-12.2908 9.706199999999999
-10.840499999999999 9.713

-10.46375 9.697
-10.46375 9.697

-2.117166666666667 10.397333333333334
-9.7426 9.6954

-8.7955 9.735
-9.3982 9.7098

-8.0044 9.737400000000001
-9.053799999999999 9.7242

-5.4746 10.742600000000001
-8.7094 9.7386

-6.5495 10.350000000000001
-7.764 9.727

-4.752333333333333 10.663
-7.163 9.701

-4.8218000000000005 9.0818
-6.268400000000001 9.5568

-5.0376 8.3136
-5.9748 9.438600000000001

-5.54725 10.42275
-5.6812000000000005 9.3204

-8.10742857142857 9.741857142857143
-5.387600000000001 9.2022

-1.9686666666666666 10.699666666666667
-4.867166666666667 9.082166666666666

-0.73575 9.29525
-4.640333333333333 9.080333333333334

-0.5406000000000001 4.186
-4.4135 9.0785

-0.60125 7.35875
-4.1866666666666665 9.076666666666666

-3.5946 4.8528
-3.9598333333333335 9.074833333333334

-0.9838 10.31
-3.739 8.7375

-0.96125 10.21775
-3.745 8.402000000000001

-12.2908 9.706199999999999
-3.7510000000000003 8.0665

-0.8034 9.572
-3.2853333333333334 7.733

-3.7510000000000003 8.0665
-2.8136666666666668 7.735

-5.9628 3.1555999999999997
-2.3693333333333335 8.166666666666666

-7.9705 9.867875
-2.3966666666666665 8.596333333333334

-1.5213333333333332 10.689333333333334
-2.4219999999999997 9.447

-1.4095 10.68675
-2.42 9.868

-6.8834285714285715 2.6105714285714288
-2.418 10.289000000000001

-7.677142857142857 3.7557142857142853
-2.580625 10.505375

-2.7462857142857144 7.735285714285714
-2.74525 10.30075

-10.271 4.8505
-2.909875 10.096125

-2.3475 3.5445
-3.0745 9.8915

-4.524 10.6585
-3.239125 9.686875

-2.42 9.868
-3.40375 9.48225

-10.1365 3.0725
-3.568375 9.277625

-0.9970000000000001 3.5256
-3.8970000000000002 9.250666666666667

-4.752333333333333 10.663
-4.061 9.428333333333335

-8.809285714285714 8.349857142857143
-4.225 9.606

-4.2956666666666665 10.654
-4.389 9.783666666666667

-13.1755 4.091666666666667
-4.553 9.961333333333334

-10.0045 3.4608749999999997
-4.717 10.139000000000001

-4.1815 10.65175
-4.881 10.316666666666666

-2.518875 7.73625
-5.045 10.494333333333334

-2.01425 3.53475
-5.402285714285714 10.52957142857143

-8.3394 8.6346
-5.595571428571429 10.387142857142857

-6.792999999999999 3.1445
-5.788857142857143 10.244714285714286

-13.0504 8.673599999999999
-5.982142857142857 10.102285714285715

-6.9226 9.6906
-6.175428571428571 9.959857142857144

-4.502800000000001 7.7724
-6.368714285714286 9.817428571428572

-6.111 10.007333333333333
-6.9226 9.6906

-6.9226 9.6906
-7.2832 9.7062

-7.627 3.0662499999999997
-7.643800000000001 9.7218

-5.7032 3.5826
-8.0044 9.737400000000001

-10.850333333333333 2.835166666666667
-8.365 9.753

-1.9686666666666666 10.699666666666667
-10.0145 8.561

-3.202 4.42
-10.029 8.785

-9.893006382130036 3.1058735540486637
-10.0435 9.009

-0.5535 5.59875
-10.058 9.232999999999999

-9.371153846153847 8.881615384615385
-10.0725 9.456999999999999

-6.2623999999999995 2.5374000000000003
-10.338166666666666 9.691666666666666

-9.249764705882352 4.137882352941176
-10.589333333333332 9.702333333333332

-1.772058823529412 2.2162941176470587
-10.840499999999999 9.713

-18.329875125 1.907375
-11.091666666666667 9.723666666666666

-12.765 3.993
-11.342833333333333 9.734333333333332

-2.188319505384923 3.4991072995612287
-12.029499999999999 9.720749999999999

-11.091666666666667 9.723666666666666
-12.465 9.6965

-17.304666666666666 8.16988888888889
-12.900500000000001 9.67225

-12.290799999999999 9.706199999999999
-13.717600000000001 9.653599999999999

-13.256666666666668 9.377333333333333
-14.0992 9.6592

-16.374332666666664 3.412666666666667
-14.4808 9.6648

-19.68077877777778 3.4632222222222224
-14.8624 9.6704

-16.835284857142856 9.82842857142857
-15.697333333333333 9.738666666666667

-19.589876 3.442875
-16.150666666666666 9.801333333333334

-20.04438988888889 3.544611111111111
-16.705142857142857 9.647857142857143

-17.1418006 4.793
-16.806285714285714 9.431714285714287

-19.622601000000003 3.4502
-16.90742857142857 9.21557142857143

-16.159000600000002 3.0228
-17.00857142857143 8.999428571428572

-12.231833333333334 4.225333333333333
-17.109714285714286 8.783285714285714

-10.8865 3.5709999999999997
-17.210857142857144 8.567142857142859

-12.7604 3.9495999999999998
-17.301000000000002 8.079333333333334

-17.519364272727273 1.8843636363636365
-17.29 7.807666666666667

-16.9925994 3.0688000000000004
-17.279 7.5360000000000005

-16.374332666666664 3.412666666666667
-17.268 7.264333333333334

-18.562538615384614 4.817153846153846
-17.256999999999998 6.992666666666667

-17.282 7.61009090909091
-17.232000199999998 6.4066

-19.575286285714288 4.252142857142857
-17.218000399999998 6.0922

-20.401112111111114 3.808333333333333
-17.2040006 5.7778

-0.7291176470588236 6.050588235294118
-17.1900008 5.4634

-17.491666 3.9416666666666664
-17.1418006 4.793

-15.2960001 3.3368
-17.1076002 4.437

-18.5592 6.1202000000000005
-17.073399799999997 4.0809999999999995

-3.3255999999999997 3.5586
-17.039199399999998 3.725

-12.7535 3.8845
-16.73471342857143 3.387714285714286

-18.392666666666667 6.794333333333333
-16.464427857142855 3.4064285714285716

-18.191666333333334 9.392333333333333
-16.194142285714285 3.4251428571428573

-17.8303992 9.5526
-15.923856714285714 3.443857142857143

-19.671688500000002 3.4611875
-15.653571142857142 3.4625714285714286

-4.35275 10.655125
-15.383285571428571 3.4812857142857143

-7.859 4.859
-14.761142857142858 3.4154285714285715

-18.799857857142857 3.3381428571428575
-14.409285714285714 3.330857142857143

-7.859 4.859
-14.057428571428572 3.2462857142857144

-9.930250000000001 4.231928571428571
-13.705571428571428 3.1617142857142855

-17.7007994 9.2522
-13.353714285714286 3.077142857142857

-9.525500000000001 4.9595
-13.001857142857144 2.9925714285714284

-9.48825 4.63075
-12.447888888888889 2.9246666666666665

-11.586618857142856 9.713761904761904
-12.245777777777779 2.941333333333333

-7.669428571428571 3.6496428571428567
-12.043666666666667 2.9579999999999997

-7.5355 2.085
-11.841555555555555 2.9746666666666663

-2.791833333333333 3.5575
-11.639444444444445 2.9913333333333334

-0.6793750000000001 9.064625
-11.437333333333333 3.008

-2.5602857142857145 2.0915714285714286
-11.235222222222221 3.0246666666666666

-7.519375 1.9325
-11.033111111111111 3.041333333333333

-3.023083333333333 3.4675833333333332
-10.5532 3.0638

-3.0685000000000002 2.9855
-10.2754 3.0696

-2.2284670921420027 3.4970582369365775
-9.9976 3.0754

-10.897285714285713 2.294
-9.7198 3.0812

-16.59957064285714 3.3970714285714285
-9.358272727272727 3.0691818181818182

-5.957 3.0460000000000003
-9.274545454545455 3.0513636363636367

-5.957 3.0460000000000003
-9.190818181818182 3.0335454545454548

-2.625 7.7358
-9.107090909090909 3.015727272727273

-1.724 2.907
-9.023363636363637 2.997909090909091

-3.155 4.2059999999999995
-8.939636363636364 2.9800909090909093

-5.583333333333334 9.281
-8.85590909090909 2.9622727272727274

-6.9226 9.6906
-8.772181818181819 2.9444545454545454

-2.6355 10.437166666666668
-8.688454545454546 2.9266363636363635

-2.9170000000000003 2.5667142857142857
-8.604727272727272 2.908818181818182

-4.69525 10.661875
-8.521 2.891

-10.897285714285713 2.294
-8.437272727272727 2.873181818181818

-3.964166666666667 7.7425
-8.353545454545454 2.8553636363636365

-10.058 9.232999999999999
-8.26981818181818 2.8375454545454546

-4.7476666666666665 3.5815
-8.18609090909091 2.8197272727272726

-5.957 3.0460000000000003
-8.102363636363636 2.8019090909090907

-3.964166666666667 7.7425
-8.018636363636364 2.784090909090909

-7.859 4.859
-7.934909090909091 2.766272727272727

-3.8125 10.251999999999999
-7.851181818181818 2.7484545454545453

-2.8444285714285713 3.532285714285714
-7.767454545454545 2.7306363636363633

-2.8374 3.5298
-7.683727272727273 2.712818181818182

-5.156727272727273 9.950181818181818
-7.3213333333333335 2.662166666666667

-5.345615384615384 9.135461538461538
-7.042666666666666 2.6293333333333333

-0.7362307692307692 3.2406153846153845
-6.763999999999999 2.5965

-2.4665 2.039
-6.485333333333333 2.5636666666666668

-3.7936666666666663 4.856
-6.206666666666667 2.5308333333333337

-2.0726 1.8182
-5.702 2.6711666666666667

-9.447733147187874 3.1285995213402473
-5.476 2.8443333333333336

-0.7132000000000001 9.203
-5.25 3.0175

-4.122703230953332 3.400379736737136
-5.024 3.1906666666666665

-6.531558436378141 3.2774359792580774
-4.798 3.363833333333333

-3.469392500997208 3.43372357399282
-4.312333333333333 3.5415

-2.575196250498605 3.47936178699641
-4.052666666666667 3.546

-4.546077782209813 3.378771439968089
-3.793 3.5505

-4.520529317909853 3.380075388911049
-3.533333333333333 3.555

-9.44875 3.9982499999999996
-3.2736666666666663 3.5595

-7.489428571428571 1.6492857142857145
-2.6807499999999997 3.55425

-6.818 3.339
-2.3475 3.5445

-1.301 3.525333333333333
-2.01425 3.53475

-4.807666666666667 3.5465
-1.453 3.5252

-5.7585 2.6278750000000004
-1.225 3.5254

-5.7585 2.6278750000000004
-0.9969999999999999 3.5256

-0.9988333333333334 10.371500000000001
-0.7689999999999999 3.5258

-5.25 3.0175
-0.547625 3.943625

-4.0935049860390915 3.4018699641005186
-0.55425 4.36125

-0.5408333333333334 3.8009999999999997
-0.560875 4.778874999999999

-10.389376545672118 3.0805396888711605
-0.5675 5.1965

-0.567 6.0215
-0.574125 5.614125

-12.673 3.125
-0.58075 6.03175

-5.7585 2.6278750000000004
-0.587375 6.449375

-2.360222222222222 8.023444444444443
-0.6376363636363637 7.2135454545454545

-0.7132000000000001 9.203
-0.6812727272727273 7.560090909090909

-0.5831999999999999 6.5288
-0.724909090909091 7.9066363636363635

-4.585666666666667 7.777
-0.7685454545454545 8.253181818181819

-3.0745 9.8915
-0.8121818181818182 8.599727272727273

-0.8485 9.756499999999999
-0.8558181818181818 8.946272727272728

-6.5432500000000005 10.6875
-0.8994545454545455 9.292818181818182

-9.445 3.492
-0.9430909090909092 9.639363636363637

-7.391 2.670375
-0.9867272727272728 9.985909090909091

-2.0805 10.702250000000001
-1.0303636363636364 10.332454545454546

-6.013 1.6763333333333335
-1.3424 10.6852

-9.766428571428571 8.539285714285715
-1.6108 10.6914

-4.68925 7.78275
-1.8792 10.697600000000001

-15.1916 9.1388
-2.1475999999999997 10.703800000000001

-7.283200000000001 9.7062
-2.7006 10.697000000000001

-4.911 3.27725
-2.9852 10.684000000000001

-5.5863 3.2102000000000004
-3.2698 10.671

-6.273 3.6916666666666664
-3.5544000000000002 10.658

-5.0705 8.763
-4.067333333333333 10.6495

-7.47616 1.5238
-4.2956666666666665 10.654

-5.4193999999999996 10.610733333333334
-4.524 10.6585

-10.010875 8.504999999999999
-4.752333333333333 10.663

-13.9865 5.742
-4.980666666666666 10.6675

-9.372857142857143 5.605714285714286
-5.4345 10.505833333333333

-6.273 3.6916666666666664
-5.66 10.339666666666668

-6.273 3.6916666666666664
-5.8855 10.1735

-5.117 9.4016
-6.111 10.007333333333333

-0.8936000000000001 9.940999999999999
-6.3365 9.841166666666668

-5.5884285714285715 10.772857142857143
-6.819571428571429 9.686142857142858

-10.557266453928998 3.071970881531711
-7.077142857142857 9.697285714285714

-10.557266453928998 3.071970881531711
-7.334714285714286 9.708428571428572

-10.553616673314718 3.072157159952134
-7.5922857142857145 9.71957142857143

-10.058 9.232999999999999
-7.849857142857143 9.730714285714287

-6.862500000000001 9.688
-8.10742857142857 9.741857142857143

-7.49275 4.10675
-8.611 9.742714285714285

-7.49275 4.10675
-8.857 9.73242857142857

-7.7684 4.4516
-9.103 9.722142857142856

-8.29 3.2560000000000002
-9.349 9.711857142857143

-17.1332505 4.704000000000001
-9.595 9.701571428571429

-8.214 2.8256666666666668
-9.841 9.691285714285714

-3.0899230769230766 3.909692307692308
-10.0725 9.456999999999999

-0.5535 5.59875
-10.058 9.232999999999999

-10.010875 8.504999999999999
-10.0435 9.009

-7.1498333333333335 9.907333333333334
-10.029 8.785

-10.480461538461538 3.777230769230769
-10.0145 8.561

